0 3 0   5 5 5   0.660 0.523 0.317
2.5 5.5 0   2 2 2   0.660 0.523 0.317
-2.5 5.5 0   2 2 2   0.660 0.523 0.317
-2.5 5.5 0.75   1 1 1   0.87 0.724 0.505
2.5 5.5 0.75   1 1 1   0.87 0.724 0.505
0 3 2.5   2 1.5 2   0.9 0.648 0.879
0 2.5 2.5   0.25 2 1   0 0 0
0 1.5 2.5   2 0.25 1   0 0 0
1.1 1.7 2.5   0.25 0.25 1   0 0 0
-1.1 1.7 2.5   0.25 0.25 1   0 0 0
1.5 4.5 2.5   1 1 1   1 1 1
1.5 4.4 3   0.25 0.75 0.25   0 0 0
-1.5 4.4 3   0.25 0.75 0.25   0 0 0
-1.5 4.5 2.5   1 1 1   1 1 1
0 -3.5 0   7 8 6   0.660 0.523 0.317
0 -4 0.5   5 6 6   0.87 0.724 0.505
0 -6 -3   1 1 1   0.660 0.523 0.317
-4 -3 0   1 6 3   0.660 0.523 0.317
4 -3 0   1 6 3   0.660 0.523 0.317
-2 -8.25 1   2 1.5 7   0.660 0.523 0.317
2 -8.25 1   2 1.5 7   0.660 0.523 0.317