0.0 0.0 0.0     7.0 1.0 7.0     0.4 0.2 0.1 #patty center
0.0 0.0 0.0     4.0 1.0 8.4     0.4 0.2 0.1 #patty cross
0.0 0.0 0.0     8.4 1.0 4.0     0.4 0.2 0.1 #patty cross
0.0 -1.0 0.0     8.0 1.0 8.0     0.9 0.6 0.3 #bottom bun out
0.0 -2.0 0.0     7.7 1.0 7.7     0.9 0.6 0.3 #bottom bun out2
0.0 -0.52 0.0     7.9 0.1 7.9     0.86 0.81 0.75 #bottom bun in
0.0 0.6 0.0     7.6 0.2 7.6     1.0 0.8 0.0 #cheese
0.1 0.8 0.1     7.6 0.2 7.6     0.1 0.8 0.1 #lettuce
0.0 1.0 0.0     7.4 0.2 7.4     1.0 0.0  0.0 #tomato
0.0 1.6 0.0     8.0 1.0 8.0     0.9 0.6 0.3 #top bun out
0.0 2.6 0.0     7.7 1.0 7.7     0.9 0.6 0.3 #top bun out2
0.0 1.12 0.0     7.9 0.1 7.9     0.86 0.81 0.75 #top bun in
-2.5 3.1  1.4     0.2 0.1 0.2     1.0 1.0 1.0 #sesame
 1.8 3.1 -2.1     0.2 0.1 0.2     1.0 1.0 1.0 #sesame
-0.9 3.1 -3.0     0.2 0.1 0.2     1.0 1.0 1.0 #sesame
 2.6 3.1  2.7     0.2 0.1 0.2     1.0 1.0 1.0 #sesame
-3.0 3.1 -0.5     0.2 0.1 0.2     1.0 1.0 1.0 #sesame
 0.4 3.1  3.3     0.2 0.1 0.2     1.0 1.0 1.0 #sesame
-1.7 3.1  2.1     0.2 0.1 0.2     1.0 1.0 1.0 #sesame
 3.2 3.1 -1.6     0.2 0.1 0.2     1.0 1.0 1.0 #sesame
-2.2 3.1 -2.4     0.2 0.1 0.2     1.0 1.0 1.0 #sesame
 1.1 3.1  0.0     0.2 0.1 0.2     1.0 1.0 1.0 #sesame
 0.0 3.1 -1.2     0.2 0.1 0.2     1.0 1.0 1.0 #sesame
-0.3 3.1  1.8     0.2 0.1 0.2     1.0 1.0 1.0 #sesame
 2.0 3.1 -0.8     0.2 0.1 0.2     1.0 1.0 1.0 #sesame