-1 -1 0   2 5 2   0.950 0.923 0.722
0 -1 0   1 4 2   0.950 0.923 0.722
-1.25 -1 0   2 4 2   0.950 0.923 0.722
-1 -1 0.25   1 4 2   0.950 0.923 0.722
-1 -1 -0.25   1 4 2   0.950 0.923 0.722
-2 1.5 0   2 1 2   0.950 0.923 0.722
-2 -3.5 0   2 1 2   0.950 0.923 0.722
-3 2 0   2 0.5 2   0.950 0.923 0.722
-3 -4 0   2 0.5 2   0.950 0.923 0.722
-4.1 1.75 0   0.75 0.25 2   0.950 0.923 0.722
-4.1 -3.75 0   0.75 0.25 2   0.950 0.923 0.722
2 5 0   3 2 2   1 1 1
1.75 4.5 0   1 1 2.25   0 0 0
2 5 0   0.75 0.75 2.25   0 0 0
3 5.5 0   0.75 0.75 2.25   0 0 0
0 6 0   1.5 1.5 2   1 1 1
-1 6 0   0.5 0.6 0.75   1 0 1
-0.75 6.5 0.75   0.25 0.25 0.25   0 0 0
-0.75 6.5 -0.75   0.25 0.25 0.25   0 0 0
-0.2 6.5 -1.25   0.5 0.3 0.5   1 1 1
-0.2 6.5 1.25   0.5 0.3 0.5   1 1 1
-0.2 6.8 0.75   0.1 0.3 0.1   1 0 0
-0.2 6.8 -0.75   0.1 0.3 0.1   1 0 0
0.5 3.75 0.5   0.25 1.25 0.25   1 1 1
0.5 3.75 -0.5   0.25 1.25 0.25   1 1 1
3 3.5 -0.5   0.25 1 0.25   1 1 1
3 3.5 0.5   0.25 1 0.25   1 1 1
3 2.9 0.5   0.25 0.2 0.25   0 0 0
3 2.9 -0.5   0.25 0.2 0.25   0 0 0
0.5 3.1 -0.5   0.25 0.2 0.25   0 0 0
0.5 3.1 0.5   0.25 0.2 0.25   0 0 0
3.5 5.5 0   0.125 0.25 0.125   0 0 0
3.7 5 0   0.125 0.6 0.125   0 0 0
3.625 5.375 0   0.125 0.25 0.125   0 0 0