-2 -5 0   1 1 1   0.827451 0.184314 0.184314
-1 -5 0   1 1 1   0.827451 0.184314 0.184314
-2 -4 0   1 1 1   0.827451 0.184314 0.184314
-1 -4 0   1 1 1   0.827451 0.184314 0.184314
-2 -3 0   1 1 1   0.827451 0.184314 0.184314
-1 -3 0   1 1 1   0.827451 0.184314 0.184314
-2 -2 0   1 1 1   0.827451 0.184314 0.184314
-1 -2 0   1 1 1   0.827451 0.184314 0.184314
-2 -1 0   1 1 1   0.827451 0.184314 0.184314
-1 -1 0   1 1 1   0.827451 0.184314 0.184314
-2 -5 1   1 1 1   0.600000 0.549020 0.549020
-2 -3 1   1 1 1   0.600000 0.549020 0.549020
-2 -1 1   1 1 1   0.600000 0.549020 0.549020
-2 -2 3   1 1 1   0.600000 0.549020 0.549020
-3 -1 3   1 1 1   0.827451 0.184314 0.184314
-2 -1 3   1 1 1   0.827451 0.184314 0.184314
-1 -1 3   1 1 1   0.827451 0.184314 0.184314
-2 -6 4   1 1 1   0.600000 0.549020 0.549020
-2 -4 4   1 1 1   0.600000 0.549020 0.549020
-2 -3 4   1 1 1   0.827451 0.184314 0.184314
-1 -3 4   1 1 1   0.827451 0.184314 0.184314
-2 -2 4   1 1 1   0.827451 0.184314 0.184314
-1 -2 4   1 1 1   0.827451 0.184314 0.184314
-3 -1 4   1 1 1   0.827451 0.184314 0.184314
-2 -1 4   1 1 1   0.827451 0.184314 0.184314
-1 -1 4   1 1 1   0.827451 0.184314 0.184314
-2 -6 5   1 1 1   0.827451 0.184314 0.184314
-1 -6 5   1 1 1   0.827451 0.184314 0.184314
-2 -5 5   1 1 1   0.827451 0.184314 0.184314
-1 -5 5   1 1 1   0.827451 0.184314 0.184314
-2 -4 5   1 1 1   0.827451 0.184314 0.184314
-1 -4 5   1 1 1   0.827451 0.184314 0.184314
-2 -3 5   1 1 1   0.827451 0.184314 0.184314
-1 -3 5   1 1 1   0.827451 0.184314 0.184314
-2 -2 5   1 1 1   0.827451 0.184314 0.184314
-1 -2 5   1 1 1   0.827451 0.184314 0.184314
-2 -6 6   1 1 1   0.694118 0.101961 0.101961
-1 -6 6   1 1 1   0.827451 0.184314 0.184314
-2 -5 6   1 1 1   0.827451 0.184314 0.184314
-1 -5 6   1 1 1   0.827451 0.184314 0.184314
0 -5 0   1 1 1   0.827451 0.184314 0.184314
1 -5 0   1 1 1   0.827451 0.184314 0.184314
0 -4 0   1 1 1   0.827451 0.184314 0.184314
1 -4 0   1 1 1   0.827451 0.184314 0.184314
0 -3 0   1 1 1   0.827451 0.184314 0.184314
1 -3 0   1 1 1   0.827451 0.184314 0.184314
0 -2 0   1 1 1   0.827451 0.184314 0.184314
1 -2 0   1 1 1   0.827451 0.184314 0.184314
0 -1 0   1 1 1   0.827451 0.184314 0.184314
1 -1 0   1 1 1   0.827451 0.184314 0.184314
1 -5 1   1 1 1   0.600000 0.549020 0.549020
1 -3 1   1 1 1   0.600000 0.549020 0.549020
1 -1 1   1 1 1   0.600000 0.549020 0.549020
1 -2 3   1 1 1   0.600000 0.549020 0.549020
0 -1 3   1 1 1   0.827451 0.184314 0.184314
1 -1 3   1 1 1   0.827451 0.184314 0.184314
2 -1 3   1 1 1   0.827451 0.184314 0.184314
1 -6 4   1 1 1   0.600000 0.549020 0.549020
1 -4 4   1 1 1   0.600000 0.549020 0.549020
0 -3 4   1 1 1   0.827451 0.184314 0.184314
1 -3 4   1 1 1   0.827451 0.184314 0.184314
0 -2 4   1 1 1   0.827451 0.184314 0.184314
1 -2 4   1 1 1   0.827451 0.184314 0.184314
0 -1 4   1 1 1   0.827451 0.184314 0.184314
1 -1 4   1 1 1   0.827451 0.184314 0.184314
2 -1 4   1 1 1   0.827451 0.184314 0.184314
0 -6 5   1 1 1   0.827451 0.184314 0.184314
1 -6 5   1 1 1   0.827451 0.184314 0.184314
0 -5 5   1 1 1   0.827451 0.184314 0.184314
1 -5 5   1 1 1   0.827451 0.184314 0.184314
0 -4 5   1 1 1   0.827451 0.184314 0.184314
1 -4 5   1 1 1   0.827451 0.184314 0.184314
0 -3 5   1 1 1   0.827451 0.184314 0.184314
1 -3 5   1 1 1   0.827451 0.184314 0.184314
0 -2 5   1 1 1   0.827451 0.184314 0.184314
1 -2 5   1 1 1   0.827451 0.184314 0.184314
0 -6 6   1 1 1   0.827451 0.184314 0.184314
1 -6 6   1 1 1   0.694118 0.101961 0.101961
0 -5 6   1 1 1   0.827451 0.184314 0.184314
1 -5 6   1 1 1   0.827451 0.184314 0.184314
-3 0 0   1 1 1   0.827451 0.184314 0.184314
-2 0 0   1 1 1   0.827451 0.184314 0.184314
-1 0 0   1 1 1   0.827451 0.184314 0.184314
-3 1 0   1 1 1   0.827451 0.184314 0.184314
-2 1 0   1 1 1   0.827451 0.184314 0.184314
-1 1 0   1 1 1   0.827451 0.184314 0.184314
-4 2 0   1 1 1   0.827451 0.184314 0.184314
-3 2 0   1 1 1   0.827451 0.184314 0.184314
-2 2 0   1 1 1   0.827451 0.184314 0.184314
-1 2 0   1 1 1   0.827451 0.184314 0.184314
-4 3 0   1 1 1   0.827451 0.184314 0.184314
-3 3 0   1 1 1   0.827451 0.184314 0.184314
-2 3 0   1 1 1   0.827451 0.184314 0.184314
-1 3 0   1 1 1   0.827451 0.184314 0.184314
-4 4 0   1 1 1   0.827451 0.184314 0.184314
-3 4 0   1 1 1   0.827451 0.184314 0.184314
-2 4 0   1 1 1   0.827451 0.184314 0.184314
-1 4 0   1 1 1   0.827451 0.184314 0.184314
-4 5 0   1 1 1   0.827451 0.184314 0.184314
-3 5 0   1 1 1   0.827451 0.184314 0.184314
-2 5 0   1 1 1   0.827451 0.184314 0.184314
-1 5 0   1 1 1   0.827451 0.184314 0.184314
-4 6 0   1 1 1   0.827451 0.184314 0.184314
-3 6 0   1 1 1   0.827451 0.184314 0.184314
-2 6 0   1 1 1   0.827451 0.184314 0.184314
-1 6 0   1 1 1   0.827451 0.184314 0.184314
-3 7 0   1 1 1   0.827451 0.184314 0.184314
-2 7 0   1 1 1   0.827451 0.184314 0.184314
-1 7 0   1 1 1   0.827451 0.184314 0.184314
-2 0 1   1 1 1   0.827451 0.184314 0.184314
-3 1 1   1 1 1   0.827451 0.184314 0.184314
-2 1 1   1 1 1   0.827451 0.184314 0.184314
-1 1 1   1 1 1   0.474510 0.058824 0.058824
-4 2 1   1 1 1   0.827451 0.184314 0.184314
-3 2 1   1 1 1   0.827451 0.184314 0.184314
-2 2 1   1 1 1   0.827451 0.184314 0.184314
-1 2 1   1 1 1   0.827451 0.184314 0.184314
-4 3 1   1 1 1   0.827451 0.184314 0.184314
-3 3 1   1 1 1   0.827451 0.184314 0.184314
-2 3 1   1 1 1   0.827451 0.184314 0.184314
-1 3 1   1 1 1   0.827451 0.184314 0.184314
-4 4 1   1 1 1   0.827451 0.184314 0.184314
-3 4 1   1 1 1   0.827451 0.184314 0.184314
-2 4 1   1 1 1   0.827451 0.184314 0.184314
-1 4 1   1 1 1   0.827451 0.184314 0.184314
-4 5 1   1 1 1   0.827451 0.184314 0.184314
-3 5 1   1 1 1   0.827451 0.184314 0.184314
-2 5 1   1 1 1   0.827451 0.184314 0.184314
-1 5 1   1 1 1   0.827451 0.184314 0.184314
-4 6 1   1 1 1   0.827451 0.184314 0.184314
-3 6 1   1 1 1   0.827451 0.184314 0.184314
-2 6 1   1 1 1   0.827451 0.184314 0.184314
-1 6 1   1 1 1   0.827451 0.184314 0.184314
-3 7 1   1 1 1   0.827451 0.184314 0.184314
-2 7 1   1 1 1   0.827451 0.184314 0.184314
-1 7 1   1 1 1   0.827451 0.184314 0.184314
-3 1 2   1 1 1   0.827451 0.184314 0.184314
-2 1 2   1 1 1   0.827451 0.184314 0.184314
-1 1 2   1 1 1   0.474510 0.058824 0.058824
-4 2 2   1 1 1   0.827451 0.184314 0.184314
-3 2 2   1 1 1   0.827451 0.184314 0.184314
-2 2 2   1 1 1   0.827451 0.184314 0.184314
-1 2 2   1 1 1   0.827451 0.184314 0.184314
-4 3 2   1 1 1   0.827451 0.184314 0.184314
-3 3 2   1 1 1   0.827451 0.184314 0.184314
-2 3 2   1 1 1   0.827451 0.184314 0.184314
-1 3 2   1 1 1   0.827451 0.184314 0.184314
-4 4 2   1 1 1   0.827451 0.184314 0.184314
-3 4 2   1 1 1   0.827451 0.184314 0.184314
-2 4 2   1 1 1   0.827451 0.184314 0.184314
-1 4 2   1 1 1   0.827451 0.184314 0.184314
-4 5 2   1 1 1   0.827451 0.184314 0.184314
-3 5 2   1 1 1   0.827451 0.184314 0.184314
-2 5 2   1 1 1   0.827451 0.184314 0.184314
-1 5 2   1 1 1   0.827451 0.184314 0.184314
-4 6 2   1 1 1   0.827451 0.184314 0.184314
-3 6 2   1 1 1   0.827451 0.184314 0.184314
-2 6 2   1 1 1   0.827451 0.184314 0.184314
-1 6 2   1 1 1   0.827451 0.184314 0.184314
-3 7 2   1 1 1   0.827451 0.184314 0.184314
-2 7 2   1 1 1   0.827451 0.184314 0.184314
-1 7 2   1 1 1   0.827451 0.184314 0.184314
-3 0 3   1 1 1   0.827451 0.184314 0.184314
-2 0 3   1 1 1   0.827451 0.184314 0.184314
-1 0 3   1 1 1   0.827451 0.184314 0.184314
-3 1 3   1 1 1   0.827451 0.184314 0.184314
-2 1 3   1 1 1   0.827451 0.184314 0.184314
-1 1 3   1 1 1   0.827451 0.184314 0.184314
-4 2 3   1 1 1   0.827451 0.184314 0.184314
-3 2 3   1 1 1   0.827451 0.184314 0.184314
-2 2 3   1 1 1   0.827451 0.184314 0.184314
-1 2 3   1 1 1   0.827451 0.184314 0.184314
-4 3 3   1 1 1   0.827451 0.184314 0.184314
-3 3 3   1 1 1   0.827451 0.184314 0.184314
-2 3 3   1 1 1   0.827451 0.184314 0.184314
-1 3 3   1 1 1   0.827451 0.184314 0.184314
-4 4 3   1 1 1   0.827451 0.184314 0.184314
-3 4 3   1 1 1   0.827451 0.184314 0.184314
-2 4 3   1 1 1   0.827451 0.184314 0.184314
-1 4 3   1 1 1   0.827451 0.184314 0.184314
-4 5 3   1 1 1   0.827451 0.184314 0.184314
-3 5 3   1 1 1   0.827451 0.184314 0.184314
-2 5 3   1 1 1   0.827451 0.184314 0.184314
-1 5 3   1 1 1   0.827451 0.184314 0.184314
-4 6 3   1 1 1   0.827451 0.184314 0.184314
-3 6 3   1 1 1   0.827451 0.184314 0.184314
-2 6 3   1 1 1   0.827451 0.184314 0.184314
-1 6 3   1 1 1   0.827451 0.184314 0.184314
-3 7 3   1 1 1   0.827451 0.184314 0.184314
-2 7 3   1 1 1   0.827451 0.184314 0.184314
-1 7 3   1 1 1   0.827451 0.184314 0.184314
-3 0 4   1 1 1   0.827451 0.184314 0.184314
-2 0 4   1 1 1   0.827451 0.184314 0.184314
-1 0 4   1 1 1   0.827451 0.184314 0.184314
-3 1 4   1 1 1   0.827451 0.184314 0.184314
-2 1 4   1 1 1   0.827451 0.184314 0.184314
-1 1 4   1 1 1   0.827451 0.184314 0.184314
-3 2 4   1 1 1   0.827451 0.184314 0.184314
-2 2 4   1 1 1   0.827451 0.184314 0.184314
-1 2 4   1 1 1   0.827451 0.184314 0.184314
-3 3 4   1 1 1   0.827451 0.184314 0.184314
-2 3 4   1 1 1   0.827451 0.184314 0.184314
-1 3 4   1 1 1   0.827451 0.184314 0.184314
-3 4 4   1 1 1   0.827451 0.184314 0.184314
-2 4 4   1 1 1   0.827451 0.184314 0.184314
-1 4 4   1 1 1   0.827451 0.184314 0.184314
-3 5 4   1 1 1   0.827451 0.184314 0.184314
-2 5 4   1 1 1   0.827451 0.184314 0.184314
-1 5 4   1 1 1   0.827451 0.184314 0.184314
-2 6 4   1 1 1   0.827451 0.184314 0.184314
-1 6 4   1 1 1   0.827451 0.184314 0.184314
-3 2 5   1 1 1   0.827451 0.184314 0.184314
-2 2 5   1 1 1   0.000000 0.000000 0.000000
-1 2 5   1 1 1   0.827451 0.184314 0.184314
-3 3 5   1 1 1   0.827451 0.184314 0.184314
-2 3 5   1 1 1   0.827451 0.184314 0.184314
-1 3 5   1 1 1   0.827451 0.184314 0.184314
-3 4 5   1 1 1   0.827451 0.184314 0.184314
-2 4 5   1 1 1   0.827451 0.184314 0.184314
-1 4 5   1 1 1   0.827451 0.184314 0.184314
-2 5 5   1 1 1   0.827451 0.184314 0.184314
-1 5 5   1 1 1   0.827451 0.184314 0.184314
-1 6 5   1 1 1   0.827451 0.184314 0.184314
-3 2 6   1 1 1   0.678431 0.121569 0.121569
-2 2 6   1 1 1   0.678431 0.121569 0.121569
-1 2 6   1 1 1   0.678431 0.121569 0.121569
-2 3 6   1 1 1   0.827451 0.184314 0.184314
-1 3 6   1 1 1   0.827451 0.184314 0.184314
-1 4 6   1 1 1   0.827451 0.184314 0.184314
-1 5 6   1 1 1   0.827451 0.184314 0.184314
-3 2 7   1 1 1   0.827451 0.184314 0.184314
-2 2 7   1 1 1   0.827451 0.184314 0.184314
0 0 0   1 1 1   0.827451 0.184314 0.184314
1 0 0   1 1 1   0.827451 0.184314 0.184314
2 0 0   1 1 1   0.827451 0.184314 0.184314
0 1 0   1 1 1   0.827451 0.184314 0.184314
1 1 0   1 1 1   0.827451 0.184314 0.184314
2 1 0   1 1 1   0.827451 0.184314 0.184314
0 2 0   1 1 1   0.827451 0.184314 0.184314
1 2 0   1 1 1   0.827451 0.184314 0.184314
2 2 0   1 1 1   0.827451 0.184314 0.184314
3 2 0   1 1 1   0.827451 0.184314 0.184314
0 3 0   1 1 1   0.827451 0.184314 0.184314
1 3 0   1 1 1   0.827451 0.184314 0.184314
2 3 0   1 1 1   0.827451 0.184314 0.184314
3 3 0   1 1 1   0.827451 0.184314 0.184314
0 4 0   1 1 1   0.827451 0.184314 0.184314
1 4 0   1 1 1   0.827451 0.184314 0.184314
2 4 0   1 1 1   0.827451 0.184314 0.184314
3 4 0   1 1 1   0.827451 0.184314 0.184314
0 5 0   1 1 1   0.827451 0.184314 0.184314
1 5 0   1 1 1   0.827451 0.184314 0.184314
2 5 0   1 1 1   0.827451 0.184314 0.184314
3 5 0   1 1 1   0.827451 0.184314 0.184314
0 6 0   1 1 1   0.827451 0.184314 0.184314
1 6 0   1 1 1   0.827451 0.184314 0.184314
2 6 0   1 1 1   0.827451 0.184314 0.184314
3 6 0   1 1 1   0.827451 0.184314 0.184314
0 7 0   1 1 1   0.827451 0.184314 0.184314
1 7 0   1 1 1   0.827451 0.184314 0.184314
2 7 0   1 1 1   0.827451 0.184314 0.184314
1 0 1   1 1 1   0.827451 0.184314 0.184314
0 1 1   1 1 1   0.474510 0.058824 0.058824
1 1 1   1 1 1   0.827451 0.184314 0.184314
2 1 1   1 1 1   0.827451 0.184314 0.184314
0 2 1   1 1 1   0.827451 0.184314 0.184314
1 2 1   1 1 1   0.827451 0.184314 0.184314
2 2 1   1 1 1   0.827451 0.184314 0.184314
3 2 1   1 1 1   0.827451 0.184314 0.184314
0 3 1   1 1 1   0.827451 0.184314 0.184314
1 3 1   1 1 1   0.827451 0.184314 0.184314
2 3 1   1 1 1   0.827451 0.184314 0.184314
3 3 1   1 1 1   0.827451 0.184314 0.184314
0 4 1   1 1 1   0.827451 0.184314 0.184314
1 4 1   1 1 1   0.827451 0.184314 0.184314
2 4 1   1 1 1   0.827451 0.184314 0.184314
3 4 1   1 1 1   0.827451 0.184314 0.184314
0 5 1   1 1 1   0.827451 0.184314 0.184314
1 5 1   1 1 1   0.827451 0.184314 0.184314
2 5 1   1 1 1   0.827451 0.184314 0.184314
3 5 1   1 1 1   0.827451 0.184314 0.184314
0 6 1   1 1 1   0.827451 0.184314 0.184314
1 6 1   1 1 1   0.827451 0.184314 0.184314
2 6 1   1 1 1   0.827451 0.184314 0.184314
3 6 1   1 1 1   0.827451 0.184314 0.184314
0 7 1   1 1 1   0.827451 0.184314 0.184314
1 7 1   1 1 1   0.827451 0.184314 0.184314
2 7 1   1 1 1   0.827451 0.184314 0.184314
0 1 2   1 1 1   0.474510 0.058824 0.058824
1 1 2   1 1 1   0.827451 0.184314 0.184314
2 1 2   1 1 1   0.827451 0.184314 0.184314
0 2 2   1 1 1   0.827451 0.184314 0.184314
1 2 2   1 1 1   0.827451 0.184314 0.184314
2 2 2   1 1 1   0.827451 0.184314 0.184314
3 2 2   1 1 1   0.827451 0.184314 0.184314
0 3 2   1 1 1   0.827451 0.184314 0.184314
1 3 2   1 1 1   0.827451 0.184314 0.184314
2 3 2   1 1 1   0.827451 0.184314 0.184314
3 3 2   1 1 1   0.827451 0.184314 0.184314
0 4 2   1 1 1   0.827451 0.184314 0.184314
1 4 2   1 1 1   0.827451 0.184314 0.184314
2 4 2   1 1 1   0.827451 0.184314 0.184314
3 4 2   1 1 1   0.827451 0.184314 0.184314
0 5 2   1 1 1   0.827451 0.184314 0.184314
1 5 2   1 1 1   0.827451 0.184314 0.184314
2 5 2   1 1 1   0.827451 0.184314 0.184314
3 5 2   1 1 1   0.827451 0.184314 0.184314
0 6 2   1 1 1   0.827451 0.184314 0.184314
1 6 2   1 1 1   0.827451 0.184314 0.184314
2 6 2   1 1 1   0.827451 0.184314 0.184314
3 6 2   1 1 1   0.827451 0.184314 0.184314
0 7 2   1 1 1   0.827451 0.184314 0.184314
1 7 2   1 1 1   0.827451 0.184314 0.184314
2 7 2   1 1 1   0.827451 0.184314 0.184314
0 0 3   1 1 1   0.827451 0.184314 0.184314
1 0 3   1 1 1   0.827451 0.184314 0.184314
2 0 3   1 1 1   0.827451 0.184314 0.184314
0 1 3   1 1 1   0.827451 0.184314 0.184314
1 1 3   1 1 1   0.827451 0.184314 0.184314
2 1 3   1 1 1   0.827451 0.184314 0.184314
0 2 3   1 1 1   0.827451 0.184314 0.184314
1 2 3   1 1 1   0.827451 0.184314 0.184314
2 2 3   1 1 1   0.827451 0.184314 0.184314
3 2 3   1 1 1   0.827451 0.184314 0.184314
0 3 3   1 1 1   0.827451 0.184314 0.184314
1 3 3   1 1 1   0.827451 0.184314 0.184314
2 3 3   1 1 1   0.827451 0.184314 0.184314
3 3 3   1 1 1   0.827451 0.184314 0.184314
0 4 3   1 1 1   0.827451 0.184314 0.184314
1 4 3   1 1 1   0.827451 0.184314 0.184314
2 4 3   1 1 1   0.827451 0.184314 0.184314
3 4 3   1 1 1   0.827451 0.184314 0.184314
0 5 3   1 1 1   0.827451 0.184314 0.184314
1 5 3   1 1 1   0.827451 0.184314 0.184314
2 5 3   1 1 1   0.827451 0.184314 0.184314
3 5 3   1 1 1   0.827451 0.184314 0.184314
0 6 3   1 1 1   0.827451 0.184314 0.184314
1 6 3   1 1 1   0.827451 0.184314 0.184314
2 6 3   1 1 1   0.827451 0.184314 0.184314
3 6 3   1 1 1   0.827451 0.184314 0.184314
0 7 3   1 1 1   0.827451 0.184314 0.184314
1 7 3   1 1 1   0.827451 0.184314 0.184314
2 7 3   1 1 1   0.827451 0.184314 0.184314
0 0 4   1 1 1   0.827451 0.184314 0.184314
1 0 4   1 1 1   0.827451 0.184314 0.184314
2 0 4   1 1 1   0.827451 0.184314 0.184314
0 1 4   1 1 1   0.827451 0.184314 0.184314
1 1 4   1 1 1   0.827451 0.184314 0.184314
2 1 4   1 1 1   0.827451 0.184314 0.184314
0 2 4   1 1 1   0.827451 0.184314 0.184314
1 2 4   1 1 1   0.827451 0.184314 0.184314
2 2 4   1 1 1   0.827451 0.184314 0.184314
0 3 4   1 1 1   0.827451 0.184314 0.184314
1 3 4   1 1 1   0.827451 0.184314 0.184314
2 3 4   1 1 1   0.827451 0.184314 0.184314
0 4 4   1 1 1   0.827451 0.184314 0.184314
1 4 4   1 1 1   0.827451 0.184314 0.184314
2 4 4   1 1 1   0.827451 0.184314 0.184314
0 5 4   1 1 1   0.827451 0.184314 0.184314
1 5 4   1 1 1   0.827451 0.184314 0.184314
2 5 4   1 1 1   0.827451 0.184314 0.184314
0 6 4   1 1 1   0.827451 0.184314 0.184314
1 6 4   1 1 1   0.827451 0.184314 0.184314
0 2 5   1 1 1   0.827451 0.184314 0.184314
1 2 5   1 1 1   0.000000 0.000000 0.000000
2 2 5   1 1 1   0.827451 0.184314 0.184314
0 3 5   1 1 1   0.827451 0.184314 0.184314
1 3 5   1 1 1   0.827451 0.184314 0.184314
2 3 5   1 1 1   0.827451 0.184314 0.184314
0 4 5   1 1 1   0.827451 0.184314 0.184314
1 4 5   1 1 1   0.827451 0.184314 0.184314
2 4 5   1 1 1   0.827451 0.184314 0.184314
0 5 5   1 1 1   0.827451 0.184314 0.184314
1 5 5   1 1 1   0.827451 0.184314 0.184314
0 6 5   1 1 1   0.827451 0.184314 0.184314
0 2 6   1 1 1   0.678431 0.121569 0.121569
1 2 6   1 1 1   0.678431 0.121569 0.121569
2 2 6   1 1 1   0.678431 0.121569 0.121569
0 3 6   1 1 1   0.827451 0.184314 0.184314
1 3 6   1 1 1   0.827451 0.184314 0.184314
0 4 6   1 1 1   0.827451 0.184314 0.184314
0 5 6   1 1 1   0.827451 0.184314 0.184314
1 2 7   1 1 1   0.827451 0.184314 0.184314
2 2 7   1 1 1   0.827451 0.184314 0.184314