-4.0 0.25 -4.0   1.8 0.5 1.8   0.28 0.23 0.18
4.0 0.25 -4.0   1.8 0.5 1.8   0.28 0.23 0.18
-4.0 0.25 4.0   1.8 0.5 1.8   0.28 0.23 0.18
4.0 0.25 4.0   1.8 0.5 1.8   0.28 0.23 0.18
-4.8 0.5 -4.8   0.2 1 0.2   0.30 0.25 0.20
-3.2 0.5 -4.8   0.2 1 0.2   0.30 0.25 0.20
-4.8 0.5 -3.2   0.2 1 0.2   0.30 0.25 0.20
-3.2 0.5 -3.2   0.2 1 0.2   0.30 0.25 0.20
4.8 0.5 -4.8   0.2 1 0.2   0.30 0.25 0.20
3.2 0.5 -4.8   0.2 1 0.2   0.30 0.25 0.20
4.8 0.5 -3.2   0.2 1 0.2   0.30 0.25 0.20
3.2 0.5 -3.2   0.2 1 0.2   0.30 0.25 0.20
-4.8 0.5 4.8   0.2 1 0.2   0.30 0.25 0.20
-3.2 0.5 4.8   0.2 1 0.2   0.30 0.25 0.20
-4.8 0.5 3.2   0.2 1 0.2   0.30 0.25 0.20
-3.2 0.5 3.2   0.2 1 0.2   0.30 0.25 0.20
4.8 0.5 4.8   0.2 1 0.2   0.30 0.25 0.20
3.2 0.5 4.8   0.2 1 0.2   0.30 0.25 0.20
4.8 0.5 3.2   0.2 1 0.2   0.30 0.25 0.20
3.2 0.5 3.2   0.2 1 0.2   0.30 0.25 0.20
-4.65 1 -4.65   0.2 1 0.2   0.305 0.255 0.205
-3.05 1 -4.65   0.2 1 0.2   0.305 0.255 0.205
-4.65 1 -3.05   0.2 1 0.2   0.305 0.255 0.205
-3.05 1 -3.05   0.2 1 0.2   0.305 0.255 0.205
4.65 1 -4.65   0.2 1 0.2   0.305 0.255 0.205
3.05 1 -4.65   0.2 1 0.2   0.305 0.255 0.205
4.65 1 -3.05   0.2 1 0.2   0.305 0.255 0.205
3.05 1 -3.05   0.2 1 0.2   0.305 0.255 0.205
-4.65 1 4.65   0.2 1 0.2   0.305 0.255 0.205
-3.05 1 4.65   0.2 1 0.2   0.305 0.255 0.205
-4.65 1 3.05   0.2 1 0.2   0.305 0.255 0.205
-3.05 1 3.05   0.2 1 0.2   0.305 0.255 0.205
4.65 1 4.65   0.2 1 0.2   0.305 0.255 0.205
3.05 1 4.65   0.2 1 0.2   0.305 0.255 0.205
4.65 1 3.05   0.2 1 0.2   0.305 0.255 0.205
3.05 1 3.05   0.2 1 0.2   0.305 0.255 0.205
-4.5 1.5 -4.5   0.2 1 0.2   0.31 0.26 0.21
-2.9 1.5 -4.5   0.2 1 0.2   0.31 0.26 0.21
-4.5 1.5 -2.9   0.2 1 0.2   0.31 0.26 0.21
-2.9 1.5 -2.9   0.2 1 0.2   0.31 0.26 0.21
4.5 1.5 -4.5   0.2 1 0.2   0.31 0.26 0.21
2.9 1.5 -4.5   0.2 1 0.2   0.31 0.26 0.21
4.5 1.5 -2.9   0.2 1 0.2   0.31 0.26 0.21
2.9 1.5 -2.9   0.2 1 0.2   0.31 0.26 0.21
-4.5 1.5 4.5   0.2 1 0.2   0.31 0.26 0.21
-2.9 1.5 4.5   0.2 1 0.2   0.31 0.26 0.21
-4.5 1.5 2.9   0.2 1 0.2   0.31 0.26 0.21
-2.9 1.5 2.9   0.2 1 0.2   0.31 0.26 0.21
4.5 1.5 4.5   0.2 1 0.2   0.31 0.26 0.21
2.9 1.5 4.5   0.2 1 0.2   0.31 0.26 0.21
4.5 1.5 2.9   0.2 1 0.2   0.31 0.26 0.21
2.9 1.5 2.9   0.2 1 0.2   0.31 0.26 0.21
-4.35 2 -4.35   0.2 1 0.2   0.315 0.265 0.215
-2.75 2 -4.35   0.2 1 0.2   0.315 0.265 0.215
-4.35 2 -2.75   0.2 1 0.2   0.315 0.265 0.215
-2.75 2 -2.75   0.2 1 0.2   0.315 0.265 0.215
4.35 2 -4.35   0.2 1 0.2   0.315 0.265 0.215
2.75 2 -4.35   0.2 1 0.2   0.315 0.265 0.215
4.35 2 -2.75   0.2 1 0.2   0.315 0.265 0.215
2.75 2 -2.75   0.2 1 0.2   0.315 0.265 0.215
-4.35 2 4.35   0.2 1 0.2   0.315 0.265 0.215
-2.75 2 4.35   0.2 1 0.2   0.315 0.265 0.215
-4.35 2 2.75   0.2 1 0.2   0.315 0.265 0.215
-2.75 2 2.75   0.2 1 0.2   0.315 0.265 0.215
4.35 2 4.35   0.2 1 0.2   0.315 0.265 0.215
2.75 2 4.35   0.2 1 0.2   0.315 0.265 0.215
4.35 2 2.75   0.2 1 0.2   0.315 0.265 0.215
2.75 2 2.75   0.2 1 0.2   0.315 0.265 0.215
-4.2 2.5 -4.2   0.2 1 0.2   0.32 0.27 0.22
-2.6 2.5 -4.2   0.2 1 0.2   0.32 0.27 0.22
-4.2 2.5 -2.6   0.2 1 0.2   0.32 0.27 0.22
-2.6 2.5 -2.6   0.2 1 0.2   0.32 0.27 0.22
4.2 2.5 -4.2   0.2 1 0.2   0.32 0.27 0.22
2.6 2.5 -4.2   0.2 1 0.2   0.32 0.27 0.22
4.2 2.5 -2.6   0.2 1 0.2   0.32 0.27 0.22
2.6 2.5 -2.6   0.2 1 0.2   0.32 0.27 0.22
-4.2 2.5 4.2   0.2 1 0.2   0.32 0.27 0.22
-2.6 2.5 4.2   0.2 1 0.2   0.32 0.27 0.22
-4.2 2.5 2.6   0.2 1 0.2   0.32 0.27 0.22
-2.6 2.5 2.6   0.2 1 0.2   0.32 0.27 0.22
4.2 2.5 4.2   0.2 1 0.2   0.32 0.27 0.22
2.6 2.5 4.2   0.2 1 0.2   0.32 0.27 0.22
4.2 2.5 2.6   0.2 1 0.2   0.32 0.27 0.22
2.6 2.5 2.6   0.2 1 0.2   0.32 0.27 0.22
-4.05 3 -4.05   0.2 1 0.2   0.325 0.275 0.225
-2.55 3 -4.05   0.2 1 0.2   0.325 0.275 0.225
-4.05 3 -2.55   0.2 1 0.2   0.325 0.275 0.225
-2.55 3 -2.55   0.2 1 0.2   0.325 0.275 0.225
4.05 3 -4.05   0.2 1 0.2   0.325 0.275 0.225
2.55 3 -4.05   0.2 1 0.2   0.325 0.275 0.225
4.05 3 -2.55   0.2 1 0.2   0.325 0.275 0.225
2.55 3 -2.55   0.2 1 0.2   0.325 0.275 0.225
-4.05 3 4.05   0.2 1 0.2   0.325 0.275 0.225
-2.55 3 4.05   0.2 1 0.2   0.325 0.275 0.225
-4.05 3 2.55   0.2 1 0.2   0.325 0.275 0.225
-2.55 3 2.55   0.2 1 0.2   0.325 0.275 0.225
4.05 3 4.05   0.2 1 0.2   0.325 0.275 0.225
2.55 3 4.05   0.2 1 0.2   0.325 0.275 0.225
4.05 3 2.55   0.2 1 0.2   0.325 0.275 0.225
2.55 3 2.55   0.2 1 0.2   0.325 0.275 0.225
-3.9 3.5 -3.9   0.2 1 0.2   0.33 0.28 0.23
-2.5 3.5 -3.9   0.2 1 0.2   0.33 0.28 0.23
-3.9 3.5 -2.5   0.2 1 0.2   0.33 0.28 0.23
-2.5 3.5 -2.5   0.2 1 0.2   0.33 0.28 0.23
3.9 3.5 -3.9   0.2 1 0.2   0.33 0.28 0.23
2.5 3.5 -3.9   0.2 1 0.2   0.33 0.28 0.23
3.9 3.5 -2.5   0.2 1 0.2   0.33 0.28 0.23
2.5 3.5 -2.5   0.2 1 0.2   0.33 0.28 0.23
-3.9 3.5 3.9   0.2 1 0.2   0.33 0.28 0.23
-2.5 3.5 3.9   0.2 1 0.2   0.33 0.28 0.23
-3.9 3.5 2.5   0.2 1 0.2   0.33 0.28 0.23
-2.5 3.5 2.5   0.2 1 0.2   0.33 0.28 0.23
3.9 3.5 3.9   0.2 1 0.2   0.33 0.28 0.23
2.5 3.5 3.9   0.2 1 0.2   0.33 0.28 0.23
3.9 3.5 2.5   0.2 1 0.2   0.33 0.28 0.23
2.5 3.5 2.5   0.2 1 0.2   0.33 0.28 0.23
-3.7 4 -3.7   0.2 1 0.2   0.335 0.285 0.235
-2.5 4 -3.7   0.2 1 0.2   0.335 0.285 0.235
-3.7 4 -2.5   0.2 1 0.2   0.335 0.285 0.235
-2.5 4 -2.5   0.2 1 0.2   0.335 0.285 0.235
3.7 4 -3.7   0.2 1 0.2   0.335 0.285 0.235
2.5 4 -3.7   0.2 1 0.2   0.335 0.285 0.235
3.7 4 -2.5   0.2 1 0.2   0.335 0.285 0.235
2.5 4 -2.5   0.2 1 0.2   0.335 0.285 0.235
-3.7 4 3.7   0.2 1 0.2   0.335 0.285 0.235
-2.5 4 3.7   0.2 1 0.2   0.335 0.285 0.235
-3.7 4 2.5   0.2 1 0.2   0.335 0.285 0.235
-2.5 4 2.5   0.2 1 0.2   0.335 0.285 0.235
3.7 4 3.7   0.2 1 0.2   0.335 0.285 0.235
2.5 4 3.7   0.2 1 0.2   0.335 0.285 0.235
3.7 4 2.5   0.2 1 0.2   0.335 0.285 0.235
2.5 4 2.5   0.2 1 0.2   0.335 0.285 0.235
-3.5 4.5 -3.5   0.2 1 0.2   0.34 0.29 0.24
-2.5 4.5 -3.5   0.2 1 0.2   0.34 0.29 0.24
-3.5 4.5 -2.5   0.2 1 0.2   0.34 0.29 0.24
-2.5 4.5 -2.5   0.2 1 0.2   0.34 0.29 0.24
3.5 4.5 -3.5   0.2 1 0.2   0.34 0.29 0.24
2.5 4.5 -3.5   0.2 1 0.2   0.34 0.29 0.24
3.5 4.5 -2.5   0.2 1 0.2   0.34 0.29 0.24
2.5 4.5 -2.5   0.2 1 0.2   0.34 0.29 0.24
-3.5 4.5 3.5   0.2 1 0.2   0.34 0.29 0.24
-2.5 4.5 3.5   0.2 1 0.2   0.34 0.29 0.24
-3.5 4.5 2.5   0.2 1 0.2   0.34 0.29 0.24
-2.5 4.5 2.5   0.2 1 0.2   0.34 0.29 0.24
3.5 4.5 3.5   0.2 1 0.2   0.34 0.29 0.24
2.5 4.5 3.5   0.2 1 0.2   0.34 0.29 0.24
3.5 4.5 2.5   0.2 1 0.2   0.34 0.29 0.24
2.5 4.5 2.5   0.2 1 0.2   0.34 0.29 0.24
0 5 0   8.5 0.5 8.5   0.35 0.30 0.25
-3.5 5.5 -3.5   0.2 1 0.2   0.36 0.31 0.26
-2.5 5.5 -3.5   0.2 1 0.2   0.36 0.31 0.26
-3.5 5.5 -2.5   0.2 1 0.2   0.36 0.31 0.26
-2.5 5.5 -2.5   0.2 1 0.2   0.36 0.31 0.26
3.5 5.5 -3.5   0.2 1 0.2   0.36 0.31 0.26
2.5 5.5 -3.5   0.2 1 0.2   0.36 0.31 0.26
3.5 5.5 -2.5   0.2 1 0.2   0.36 0.31 0.26
2.5 5.5 -2.5   0.2 1 0.2   0.36 0.31 0.26
-3.5 5.5 3.5   0.2 1 0.2   0.36 0.31 0.26
-2.5 5.5 3.5   0.2 1 0.2   0.36 0.31 0.26
-3.5 5.5 2.5   0.2 1 0.2   0.36 0.31 0.26
-2.5 5.5 2.5   0.2 1 0.2   0.36 0.31 0.26
3.5 5.5 3.5   0.2 1 0.2   0.36 0.31 0.26
2.5 5.5 3.5   0.2 1 0.2   0.36 0.31 0.26
3.5 5.5 2.5   0.2 1 0.2   0.36 0.31 0.26
2.5 5.5 2.5   0.2 1 0.2   0.36 0.31 0.26
-3.35 6 -3.35   0.2 1 0.2   0.365 0.315 0.265
-2.35 6 -3.35   0.2 1 0.2   0.365 0.315 0.265
-3.35 6 -2.35   0.2 1 0.2   0.365 0.315 0.265
-2.35 6 -2.35   0.2 1 0.2   0.365 0.315 0.265
3.35 6 -3.35   0.2 1 0.2   0.365 0.315 0.265
2.35 6 -3.35   0.2 1 0.2   0.365 0.315 0.265
3.35 6 -2.35   0.2 1 0.2   0.365 0.315 0.265
2.35 6 -2.35   0.2 1 0.2   0.365 0.315 0.265
-3.35 6 3.35   0.2 1 0.2   0.365 0.315 0.265
-2.35 6 3.35   0.2 1 0.2   0.365 0.315 0.265
-3.35 6 2.35   0.2 1 0.2   0.365 0.315 0.265
-2.35 6 2.35   0.2 1 0.2   0.365 0.315 0.265
3.35 6 3.35   0.2 1 0.2   0.365 0.315 0.265
2.35 6 3.35   0.2 1 0.2   0.365 0.315 0.265
3.35 6 2.35   0.2 1 0.2   0.365 0.315 0.265
2.35 6 2.35   0.2 1 0.2   0.365 0.315 0.265
-3.2 6.5 -3.2   0.2 1 0.2   0.37 0.32 0.27
-2.2 6.5 -3.2   0.2 1 0.2   0.37 0.32 0.27
-3.2 6.5 -2.2   0.2 1 0.2   0.37 0.32 0.27
-2.2 6.5 -2.2   0.2 1 0.2   0.37 0.32 0.27
3.2 6.5 -3.2   0.2 1 0.2   0.37 0.32 0.27
2.2 6.5 -3.2   0.2 1 0.2   0.37 0.32 0.27
3.2 6.5 -2.2   0.2 1 0.2   0.37 0.32 0.27
2.2 6.5 -2.2   0.2 1 0.2   0.37 0.32 0.27
-3.2 6.5 3.2   0.2 1 0.2   0.37 0.32 0.27
-2.2 6.5 3.2   0.2 1 0.2   0.37 0.32 0.27
-3.2 6.5 2.2   0.2 1 0.2   0.37 0.32 0.27
-2.2 6.5 2.2   0.2 1 0.2   0.37 0.32 0.27
3.2 6.5 3.2   0.2 1 0.2   0.37 0.32 0.27
2.2 6.5 3.2   0.2 1 0.2   0.37 0.32 0.27
3.2 6.5 2.2   0.2 1 0.2   0.37 0.32 0.27
2.2 6.5 2.2   0.2 1 0.2   0.37 0.32 0.27
-3.05 7 -3.05   0.2 1 0.2   0.375 0.325 0.275
-2.05 7 -3.05   0.2 1 0.2   0.375 0.325 0.275
-3.05 7 -2.05   0.2 1 0.2   0.375 0.325 0.275
-2.05 7 -2.05   0.2 1 0.2   0.375 0.325 0.275
3.05 7 -3.05   0.2 1 0.2   0.375 0.325 0.275
2.05 7 -3.05   0.2 1 0.2   0.375 0.325 0.275
3.05 7 -2.05   0.2 1 0.2   0.375 0.325 0.275
2.05 7 -2.05   0.2 1 0.2   0.375 0.325 0.275
-3.05 7 3.05   0.2 1 0.2   0.375 0.325 0.275
-2.05 7 3.05   0.2 1 0.2   0.375 0.325 0.275
-3.05 7 2.05   0.2 1 0.2   0.375 0.325 0.275
-2.05 7 2.05   0.2 1 0.2   0.375 0.325 0.275
3.05 7 3.05   0.2 1 0.2   0.375 0.325 0.275
2.05 7 3.05   0.2 1 0.2   0.375 0.325 0.275
3.05 7 2.05   0.2 1 0.2   0.375 0.325 0.275
2.05 7 2.05   0.2 1 0.2   0.375 0.325 0.275
-2.9 7.5 -2.9   0.2 1 0.2   0.38 0.33 0.28
-1.9 7.5 -2.9   0.2 1 0.2   0.38 0.33 0.28
-2.9 7.5 -1.9   0.2 1 0.2   0.38 0.33 0.28
-1.9 7.5 -1.9   0.2 1 0.2   0.38 0.33 0.28
2.9 7.5 -2.9   0.2 1 0.2   0.38 0.33 0.28
1.9 7.5 -2.9   0.2 1 0.2   0.38 0.33 0.28
2.9 7.5 -1.9   0.2 1 0.2   0.38 0.33 0.28
1.9 7.5 -1.9   0.2 1 0.2   0.38 0.33 0.28
-2.9 7.5 2.9   0.2 1 0.2   0.38 0.33 0.28
-1.9 7.5 2.9   0.2 1 0.2   0.38 0.33 0.28
-2.9 7.5 1.9   0.2 1 0.2   0.38 0.33 0.28
-1.9 7.5 1.9   0.2 1 0.2   0.38 0.33 0.28
2.9 7.5 2.9   0.2 1 0.2   0.38 0.33 0.28
1.9 7.5 2.9   0.2 1 0.2   0.38 0.33 0.28
2.9 7.5 1.9   0.2 1 0.2   0.38 0.33 0.28
1.9 7.5 1.9   0.2 1 0.2   0.38 0.33 0.28
-2.75 8 -2.75   0.2 1 0.2   0.385 0.335 0.285
-1.75 8 -2.75   0.2 1 0.2   0.385 0.335 0.285
-2.75 8 -1.75   0.2 1 0.2   0.385 0.335 0.285
-1.75 8 -1.75   0.2 1 0.2   0.385 0.335 0.285
2.75 8 -2.75   0.2 1 0.2   0.385 0.335 0.285
1.75 8 -2.75   0.2 1 0.2   0.385 0.335 0.285
2.75 8 -1.75   0.2 1 0.2   0.385 0.335 0.285
1.75 8 -1.75   0.2 1 0.2   0.385 0.335 0.285
-2.75 8 2.75   0.2 1 0.2   0.385 0.335 0.285
-1.75 8 2.75   0.2 1 0.2   0.385 0.335 0.285
-2.75 8 1.75   0.2 1 0.2   0.385 0.335 0.285
-1.75 8 1.75   0.2 1 0.2   0.385 0.335 0.285
2.75 8 2.75   0.2 1 0.2   0.385 0.335 0.285
1.75 8 2.75   0.2 1 0.2   0.385 0.335 0.285
2.75 8 1.75   0.2 1 0.2   0.385 0.335 0.285
1.75 8 1.75   0.2 1 0.2   0.385 0.335 0.285
-2.6 8.5 -2.6   0.2 1 0.2   0.39 0.34 0.29
-1.6 8.5 -2.6   0.2 1 0.2   0.39 0.34 0.29
-2.6 8.5 -1.6   0.2 1 0.2   0.39 0.34 0.29
-1.6 8.5 -1.6   0.2 1 0.2   0.39 0.34 0.29
2.6 8.5 -2.6   0.2 1 0.2   0.39 0.34 0.29
1.6 8.5 -2.6   0.2 1 0.2   0.39 0.34 0.29
2.6 8.5 -1.6   0.2 1 0.2   0.39 0.34 0.29
1.6 8.5 -1.6   0.2 1 0.2   0.39 0.34 0.29
-2.6 8.5 2.6   0.2 1 0.2   0.39 0.34 0.29
-1.6 8.5 2.6   0.2 1 0.2   0.39 0.34 0.29
-2.6 8.5 1.6   0.2 1 0.2   0.39 0.34 0.29
-1.6 8.5 1.6   0.2 1 0.2   0.39 0.34 0.29
2.6 8.5 2.6   0.2 1 0.2   0.39 0.34 0.29
1.6 8.5 2.6   0.2 1 0.2   0.39 0.34 0.29
2.6 8.5 1.6   0.2 1 0.2   0.39 0.34 0.29
1.6 8.5 1.6   0.2 1 0.2   0.39 0.34 0.29
-2.45 9 -2.45   0.2 1 0.2   0.395 0.345 0.295
-1.45 9 -2.45   0.2 1 0.2   0.395 0.345 0.295
-2.45 9 -1.45   0.2 1 0.2   0.395 0.345 0.295
-1.45 9 -1.45   0.2 1 0.2   0.395 0.345 0.295
2.45 9 -2.45   0.2 1 0.2   0.395 0.345 0.295
1.45 9 -2.45   0.2 1 0.2   0.395 0.345 0.295
2.45 9 -1.45   0.2 1 0.2   0.395 0.345 0.295
1.45 9 -1.45   0.2 1 0.2   0.395 0.345 0.295
-2.45 9 2.45   0.2 1 0.2   0.395 0.345 0.295
-1.45 9 2.45   0.2 1 0.2   0.395 0.345 0.295
-2.45 9 1.45   0.2 1 0.2   0.395 0.345 0.295
-1.45 9 1.45   0.2 1 0.2   0.395 0.345 0.295
2.45 9 2.45   0.2 1 0.2   0.395 0.345 0.295
1.45 9 2.45   0.2 1 0.2   0.395 0.345 0.295
2.45 9 1.45   0.2 1 0.2   0.395 0.345 0.295
1.45 9 1.45   0.2 1 0.2   0.395 0.345 0.295
-2.3 9.5 -2.3   0.2 1 0.2   0.40 0.35 0.30
-1.3 9.5 -2.3   0.2 1 0.2   0.40 0.35 0.30
-2.3 9.5 -1.3   0.2 1 0.2   0.40 0.35 0.30
-1.3 9.5 -1.3   0.2 1 0.2   0.40 0.35 0.30
2.3 9.5 -2.3   0.2 1 0.2   0.40 0.35 0.30
1.3 9.5 -2.3   0.2 1 0.2   0.40 0.35 0.30
2.3 9.5 -1.3   0.2 1 0.2   0.40 0.35 0.30
1.3 9.5 -1.3   0.2 1 0.2   0.40 0.35 0.30
-2.3 9.5 2.3   0.2 1 0.2   0.40 0.35 0.30
-1.3 9.5 2.3   0.2 1 0.2   0.40 0.35 0.30
-2.3 9.5 1.3   0.2 1 0.2   0.40 0.35 0.30
-1.3 9.5 1.3   0.2 1 0.2   0.40 0.35 0.30
2.3 9.5 2.3   0.2 1 0.2   0.40 0.35 0.30
1.3 9.5 2.3   0.2 1 0.2   0.40 0.35 0.30
2.3 9.5 1.3   0.2 1 0.2   0.40 0.35 0.30
1.3 9.5 1.3   0.2 1 0.2   0.40 0.35 0.30
0 10 0   4.8 0.5 4.8   0.41 0.36 0.31
-2.0 10.5 -2.0   0.2 1 0.2   0.42 0.37 0.32
-1.0 10.5 -2.0   0.2 1 0.2   0.42 0.37 0.32
-2.0 10.5 -1.0   0.2 1 0.2   0.42 0.37 0.32
-1.0 10.5 -1.0   0.2 1 0.2   0.42 0.37 0.32
2.0 10.5 -2.0   0.2 1 0.2   0.42 0.37 0.32
1.0 10.5 -2.0   0.2 1 0.2   0.42 0.37 0.32
2.0 10.5 -1.0   0.2 1 0.2   0.42 0.37 0.32
1.0 10.5 -1.0   0.2 1 0.2   0.42 0.37 0.32
-2.0 10.5 2.0   0.2 1 0.2   0.42 0.37 0.32
-1.0 10.5 2.0   0.2 1 0.2   0.42 0.37 0.32
-2.0 10.5 1.0   0.2 1 0.2   0.42 0.37 0.32
-1.0 10.5 1.0   0.2 1 0.2   0.42 0.37 0.32
2.0 10.5 2.0   0.2 1 0.2   0.42 0.37 0.32
1.0 10.5 2.0   0.2 1 0.2   0.42 0.37 0.32
2.0 10.5 1.0   0.2 1 0.2   0.42 0.37 0.32
1.0 10.5 1.0   0.2 1 0.2   0.42 0.37 0.32
-1.9 11 -1.9   0.18 1 0.18   0.425 0.375 0.325
-0.9 11 -1.9   0.18 1 0.18   0.425 0.375 0.325
-1.9 11 -0.9   0.18 1 0.18   0.425 0.375 0.325
-0.9 11 -0.9   0.18 1 0.18   0.425 0.375 0.325
1.9 11 -1.9   0.18 1 0.18   0.425 0.375 0.325
0.9 11 -1.9   0.18 1 0.18   0.425 0.375 0.325
1.9 11 -0.9   0.18 1 0.18   0.425 0.375 0.325
0.9 11 -0.9   0.18 1 0.18   0.425 0.375 0.325
-1.9 11 1.9   0.18 1 0.18   0.425 0.375 0.325
-0.9 11 1.9   0.18 1 0.18   0.425 0.375 0.325
-1.9 11 0.9   0.18 1 0.18   0.425 0.375 0.325
-0.9 11 0.9   0.18 1 0.18   0.425 0.375 0.325
1.9 11 1.9   0.18 1 0.18   0.425 0.375 0.325
0.9 11 1.9   0.18 1 0.18   0.425 0.375 0.325
1.9 11 0.9   0.18 1 0.18   0.425 0.375 0.325
0.9 11 0.9   0.18 1 0.18   0.425 0.375 0.325
-1.8 11.5 -1.8   0.18 1 0.18   0.43 0.38 0.33
-0.8 11.5 -1.8   0.18 1 0.18   0.43 0.38 0.33
-1.8 11.5 -0.8   0.18 1 0.18   0.43 0.38 0.33
-0.8 11.5 -0.8   0.18 1 0.18   0.43 0.38 0.33
1.8 11.5 -1.8   0.18 1 0.18   0.43 0.38 0.33
0.8 11.5 -1.8   0.18 1 0.18   0.43 0.38 0.33
1.8 11.5 -0.8   0.18 1 0.18   0.43 0.38 0.33
0.8 11.5 -0.8   0.18 1 0.18   0.43 0.38 0.33
-1.8 11.5 1.8   0.18 1 0.18   0.43 0.38 0.33
-0.8 11.5 1.8   0.18 1 0.18   0.43 0.38 0.33
-1.8 11.5 0.8   0.18 1 0.18   0.43 0.38 0.33
-0.8 11.5 0.8   0.18 1 0.18   0.43 0.38 0.33
1.8 11.5 1.8   0.18 1 0.18   0.43 0.38 0.33
0.8 11.5 1.8   0.18 1 0.18   0.43 0.38 0.33
1.8 11.5 0.8   0.18 1 0.18   0.43 0.38 0.33
0.8 11.5 0.8   0.18 1 0.18   0.43 0.38 0.33
-1.7 12 -1.7   0.17 1 0.17   0.435 0.385 0.335
-0.7 12 -1.7   0.17 1 0.17   0.435 0.385 0.335
-1.7 12 -0.7   0.17 1 0.17   0.435 0.385 0.335
-0.7 12 -0.7   0.17 1 0.17   0.435 0.385 0.335
1.7 12 -1.7   0.17 1 0.17   0.435 0.385 0.335
0.7 12 -1.7   0.17 1 0.17   0.435 0.385 0.335
1.7 12 -0.7   0.17 1 0.17   0.435 0.385 0.335
0.7 12 -0.7   0.17 1 0.17   0.435 0.385 0.335
-1.7 12 1.7   0.17 1 0.17   0.435 0.385 0.335
-0.7 12 1.7   0.17 1 0.17   0.435 0.385 0.335
-1.7 12 0.7   0.17 1 0.17   0.435 0.385 0.335
-0.7 12 0.7   0.17 1 0.17   0.435 0.385 0.335
1.7 12 1.7   0.17 1 0.17   0.435 0.385 0.335
0.7 12 1.7   0.17 1 0.17   0.435 0.385 0.335
1.7 12 0.7   0.17 1 0.17   0.435 0.385 0.335
0.7 12 0.7   0.17 1 0.17   0.435 0.385 0.335
-1.6 12.5 -1.6   0.16 1 0.16   0.44 0.39 0.34
-0.6 12.5 -1.6   0.16 1 0.16   0.44 0.39 0.34
-1.6 12.5 -0.6   0.16 1 0.16   0.44 0.39 0.34
-0.6 12.5 -0.6   0.16 1 0.16   0.44 0.39 0.34
1.6 12.5 -1.6   0.16 1 0.16   0.44 0.39 0.34
0.6 12.5 -1.6   0.16 1 0.16   0.44 0.39 0.34
1.6 12.5 -0.6   0.16 1 0.16   0.44 0.39 0.34
0.6 12.5 -0.6   0.16 1 0.16   0.44 0.39 0.34
-1.6 12.5 1.6   0.16 1 0.16   0.44 0.39 0.34
-0.6 12.5 1.6   0.16 1 0.16   0.44 0.39 0.34
-1.6 12.5 0.6   0.16 1 0.16   0.44 0.39 0.34
-0.6 12.5 0.6   0.16 1 0.16   0.44 0.39 0.34
1.6 12.5 1.6   0.16 1 0.16   0.44 0.39 0.34
0.6 12.5 1.6   0.16 1 0.16   0.44 0.39 0.34
1.6 12.5 0.6   0.16 1 0.16   0.44 0.39 0.34
0.6 12.5 0.6   0.16 1 0.16   0.44 0.39 0.34
-1.5 13 -1.5   0.15 1 0.15   0.445 0.395 0.345
-0.5 13 -1.5   0.15 1 0.15   0.445 0.395 0.345
-1.5 13 -0.5   0.15 1 0.15   0.445 0.395 0.345
-0.5 13 -0.5   0.15 1 0.15   0.445 0.395 0.345
1.5 13 -1.5   0.15 1 0.15   0.445 0.395 0.345
0.5 13 -1.5   0.15 1 0.15   0.445 0.395 0.345
1.5 13 -0.5   0.15 1 0.15   0.445 0.395 0.345
0.5 13 -0.5   0.15 1 0.15   0.445 0.395 0.345
-1.5 13 1.5   0.15 1 0.15   0.445 0.395 0.345
-0.5 13 1.5   0.15 1 0.15   0.445 0.395 0.345
-1.5 13 0.5   0.15 1 0.15   0.445 0.395 0.345
-0.5 13 0.5   0.15 1 0.15   0.445 0.395 0.345
1.5 13 1.5   0.15 1 0.15   0.445 0.395 0.345
0.5 13 1.5   0.15 1 0.15   0.445 0.395 0.345
1.5 13 0.5   0.15 1 0.15   0.445 0.395 0.345
0.5 13 0.5   0.15 1 0.15   0.445 0.395 0.345
-1.4 13.5 -1.4   0.14 1 0.14   0.45 0.40 0.35
-0.4 13.5 -1.4   0.14 1 0.14   0.45 0.40 0.35
-1.4 13.5 -0.4   0.14 1 0.14   0.45 0.40 0.35
-0.4 13.5 -0.4   0.14 1 0.14   0.45 0.40 0.35
1.4 13.5 -1.4   0.14 1 0.14   0.45 0.40 0.35
0.4 13.5 -1.4   0.14 1 0.14   0.45 0.40 0.35
1.4 13.5 -0.4   0.14 1 0.14   0.45 0.40 0.35
0.4 13.5 -0.4   0.14 1 0.14   0.45 0.40 0.35
-1.4 13.5 1.4   0.14 1 0.14   0.45 0.40 0.35
-0.4 13.5 1.4   0.14 1 0.14   0.45 0.40 0.35
-1.4 13.5 0.4   0.14 1 0.14   0.45 0.40 0.35
-0.4 13.5 0.4   0.14 1 0.14   0.45 0.40 0.35
1.4 13.5 1.4   0.14 1 0.14   0.45 0.40 0.35
0.4 13.5 1.4   0.14 1 0.14   0.45 0.40 0.35
1.4 13.5 0.4   0.14 1 0.14   0.45 0.40 0.35
0.4 13.5 0.4   0.14 1 0.14   0.45 0.40 0.35
-1.3 14 -1.3   0.13 1 0.13   0.455 0.405 0.355
-0.3 14 -1.3   0.13 1 0.13   0.455 0.405 0.355
-1.3 14 -0.3   0.13 1 0.13   0.455 0.405 0.355
-0.3 14 -0.3   0.13 1 0.13   0.455 0.405 0.355
1.3 14 -1.3   0.13 1 0.13   0.455 0.405 0.355
0.3 14 -1.3   0.13 1 0.13   0.455 0.405 0.355
1.3 14 -0.3   0.13 1 0.13   0.455 0.405 0.355
0.3 14 -0.3   0.13 1 0.13   0.455 0.405 0.355
-1.3 14 1.3   0.13 1 0.13   0.455 0.405 0.355
-0.3 14 1.3   0.13 1 0.13   0.455 0.405 0.355
-1.3 14 0.3   0.13 1 0.13   0.455 0.405 0.355
-0.3 14 0.3   0.13 1 0.13   0.455 0.405 0.355
1.3 14 1.3   0.13 1 0.13   0.455 0.405 0.355
0.3 14 1.3   0.13 1 0.13   0.455 0.405 0.355
1.3 14 0.3   0.13 1 0.13   0.455 0.405 0.355
0.3 14 0.3   0.13 1 0.13   0.455 0.405 0.355
-1.2 14.5 -1.2   0.12 1 0.12   0.46 0.41 0.36
-0.2 14.5 -1.2   0.12 1 0.12   0.46 0.41 0.36
-1.2 14.5 -0.2   0.12 1 0.12   0.46 0.41 0.36
-0.2 14.5 -0.2   0.12 1 0.12   0.46 0.41 0.36
1.2 14.5 -1.2   0.12 1 0.12   0.46 0.41 0.36
0.2 14.5 -1.2   0.12 1 0.12   0.46 0.41 0.36
1.2 14.5 -0.2   0.12 1 0.12   0.46 0.41 0.36
0.2 14.5 -0.2   0.12 1 0.12   0.46 0.41 0.36
-1.2 14.5 1.2   0.12 1 0.12   0.46 0.41 0.36
-0.2 14.5 1.2   0.12 1 0.12   0.46 0.41 0.36
-1.2 14.5 0.2   0.12 1 0.12   0.46 0.41 0.36
-0.2 14.5 0.2   0.12 1 0.12   0.46 0.41 0.36
1.2 14.5 1.2   0.12 1 0.12   0.46 0.41 0.36
0.2 14.5 1.2   0.12 1 0.12   0.46 0.41 0.36
1.2 14.5 0.2   0.12 1 0.12   0.46 0.41 0.36
0.2 14.5 0.2   0.12 1 0.12   0.46 0.41 0.36
-1.1 15 -1.1   0.11 1 0.11   0.47 0.42 0.37
-0.1 15 -1.1   0.11 1 0.11   0.47 0.42 0.37
-1.1 15 -0.1   0.11 1 0.11   0.47 0.42 0.37
-0.1 15 -0.1   0.11 1 0.11   0.47 0.42 0.37
1.1 15 -1.1   0.11 1 0.11   0.47 0.42 0.37
0.1 15 -1.1   0.11 1 0.11   0.47 0.42 0.37
1.1 15 -0.1   0.11 1 0.11   0.47 0.42 0.37
0.1 15 -0.1   0.11 1 0.11   0.47 0.42 0.37
-1.1 15 1.1   0.11 1 0.11   0.47 0.42 0.37
-0.1 15 1.1   0.11 1 0.11   0.47 0.42 0.37
-1.1 15 0.1   0.11 1 0.11   0.47 0.42 0.37
-0.1 15 0.1   0.11 1 0.11   0.47 0.42 0.37
1.1 15 1.1   0.11 1 0.11   0.47 0.42 0.37
0.1 15 1.1   0.11 1 0.11   0.47 0.42 0.37
1.1 15 0.1   0.11 1 0.11   0.47 0.42 0.37
0.1 15 0.1   0.11 1 0.11   0.47 0.42 0.37
-1.0 15.5 -1.0   0.11 1 0.11   0.48 0.43 0.38
-0.05 15.5 -1.0   0.11 1 0.11   0.48 0.43 0.38
-1.0 15.5 -0.05   0.11 1 0.11   0.48 0.43 0.38
-0.05 15.5 -0.05   0.11 1 0.11   0.48 0.43 0.38
1.0 15.5 -1.0   0.11 1 0.11   0.48 0.43 0.38
0.05 15.5 -1.0   0.11 1 0.11   0.48 0.43 0.38
1.0 15.5 -0.05   0.11 1 0.11   0.48 0.43 0.38
0.05 15.5 -0.05   0.11 1 0.11   0.48 0.43 0.38
-1.0 15.5 1.0   0.11 1 0.11   0.48 0.43 0.38
-0.05 15.5 1.0   0.11 1 0.11   0.48 0.43 0.38
-1.0 15.5 0.05   0.11 1 0.11   0.48 0.43 0.38
-0.05 15.5 0.05   0.11 1 0.11   0.48 0.43 0.38
1.0 15.5 1.0   0.11 1 0.11   0.48 0.43 0.38
0.05 15.5 1.0   0.11 1 0.11   0.48 0.43 0.38
1.0 15.5 0.05   0.11 1 0.11   0.48 0.43 0.38
0.05 15.5 0.05   0.11 1 0.11   0.48 0.43 0.38
-0.95 16 -0.95   0.1 1 0.1   0.485 0.435 0.385
-0.05 16 -0.95   0.1 1 0.1   0.485 0.435 0.385
-0.95 16 -0.05   0.1 1 0.1   0.485 0.435 0.385
-0.05 16 -0.05   0.1 1 0.1   0.485 0.435 0.385
0.95 16 -0.95   0.1 1 0.1   0.485 0.435 0.385
0.05 16 -0.95   0.1 1 0.1   0.485 0.435 0.385
0.95 16 -0.05   0.1 1 0.1   0.485 0.435 0.385
0.05 16 -0.05   0.1 1 0.1   0.485 0.435 0.385
-0.95 16 0.95   0.1 1 0.1   0.485 0.435 0.385
-0.05 16 0.95   0.1 1 0.1   0.485 0.435 0.385
-0.95 16 0.05   0.1 1 0.1   0.485 0.435 0.385
-0.05 16 0.05   0.1 1 0.1   0.485 0.435 0.385
0.95 16 0.95   0.1 1 0.1   0.485 0.435 0.385
0.05 16 0.95   0.1 1 0.1   0.485 0.435 0.385
0.95 16 0.05   0.1 1 0.1   0.485 0.435 0.385
0.05 16 0.05   0.1 1 0.1   0.485 0.435 0.385
-0.9 16.5 -0.9   0.1 1 0.1   0.49 0.44 0.39
-0.05 16.5 -0.9   0.1 1 0.1   0.49 0.44 0.39
-0.9 16.5 -0.05   0.1 1 0.1   0.49 0.44 0.39
-0.05 16.5 -0.05   0.1 1 0.1   0.49 0.44 0.39
0.9 16.5 -0.9   0.1 1 0.1   0.49 0.44 0.39
0.05 16.5 -0.9   0.1 1 0.1   0.49 0.44 0.39
0.9 16.5 -0.05   0.1 1 0.1   0.49 0.44 0.39
0.05 16.5 -0.05   0.1 1 0.1   0.49 0.44 0.39
-0.9 16.5 0.9   0.1 1 0.1   0.49 0.44 0.39
-0.05 16.5 0.9   0.1 1 0.1   0.49 0.44 0.39
-0.9 16.5 0.05   0.1 1 0.1   0.49 0.44 0.39
-0.05 16.5 0.05   0.1 1 0.1   0.49 0.44 0.39
0.9 16.5 0.9   0.1 1 0.1   0.49 0.44 0.39
0.05 16.5 0.9   0.1 1 0.1   0.49 0.44 0.39
0.9 16.5 0.05   0.1 1 0.1   0.49 0.44 0.39
0.05 16.5 0.05   0.1 1 0.1   0.49 0.44 0.39
-0.85 17 -0.85   0.1 1 0.1   0.495 0.445 0.395
-0.05 17 -0.85   0.1 1 0.1   0.495 0.445 0.395
-0.85 17 -0.05   0.1 1 0.1   0.495 0.445 0.395
-0.05 17 -0.05   0.1 1 0.1   0.495 0.445 0.395
0.85 17 -0.85   0.1 1 0.1   0.495 0.445 0.395
0.05 17 -0.85   0.1 1 0.1   0.495 0.445 0.395
0.85 17 -0.05   0.1 1 0.1   0.495 0.445 0.395
0.05 17 -0.05   0.1 1 0.1   0.495 0.445 0.395
-0.85 17 0.85   0.1 1 0.1   0.495 0.445 0.395
-0.05 17 0.85   0.1 1 0.1   0.495 0.445 0.395
-0.85 17 0.05   0.1 1 0.1   0.495 0.445 0.395
-0.05 17 0.05   0.1 1 0.1   0.495 0.445 0.395
0.85 17 0.85   0.1 1 0.1   0.495 0.445 0.395
0.05 17 0.85   0.1 1 0.1   0.495 0.445 0.395
0.85 17 0.05   0.1 1 0.1   0.495 0.445 0.395
0.05 17 0.05   0.1 1 0.1   0.495 0.445 0.395
-0.8 17.5 -0.8   0.1 1 0.1   0.50 0.45 0.40
-0.05 17.5 -0.8   0.1 1 0.1   0.50 0.45 0.40
-0.8 17.5 -0.05   0.1 1 0.1   0.50 0.45 0.40
-0.05 17.5 -0.05   0.1 1 0.1   0.50 0.45 0.40
0.8 17.5 -0.8   0.1 1 0.1   0.50 0.45 0.40
0.05 17.5 -0.8   0.1 1 0.1   0.50 0.45 0.40
0.8 17.5 -0.05   0.1 1 0.1   0.50 0.45 0.40
0.05 17.5 -0.05   0.1 1 0.1   0.50 0.45 0.40
-0.8 17.5 0.8   0.1 1 0.1   0.50 0.45 0.40
-0.05 17.5 0.8   0.1 1 0.1   0.50 0.45 0.40
-0.8 17.5 0.05   0.1 1 0.1   0.50 0.45 0.40
-0.05 17.5 0.05   0.1 1 0.1   0.50 0.45 0.40
0.8 17.5 0.8   0.1 1 0.1   0.50 0.45 0.40
0.05 17.5 0.8   0.1 1 0.1   0.50 0.45 0.40
0.8 17.5 0.05   0.1 1 0.1   0.50 0.45 0.40
0.05 17.5 0.05   0.1 1 0.1   0.50 0.45 0.40
-0.75 18 -0.75   0.1 1 0.1   0.505 0.455 0.405
-0.05 18 -0.75   0.1 1 0.1   0.505 0.455 0.405
-0.75 18 -0.05   0.1 1 0.1   0.505 0.455 0.405
-0.05 18 -0.05   0.1 1 0.1   0.505 0.455 0.405
0.75 18 -0.75   0.1 1 0.1   0.505 0.455 0.405
0.05 18 -0.75   0.1 1 0.1   0.505 0.455 0.405
0.75 18 -0.05   0.1 1 0.1   0.505 0.455 0.405
0.05 18 -0.05   0.1 1 0.1   0.505 0.455 0.405
-0.75 18 0.75   0.1 1 0.1   0.505 0.455 0.405
-0.05 18 0.75   0.1 1 0.1   0.505 0.455 0.405
-0.75 18 0.05   0.1 1 0.1   0.505 0.455 0.405
-0.05 18 0.05   0.1 1 0.1   0.505 0.455 0.405
0.75 18 0.75   0.1 1 0.1   0.505 0.455 0.405
0.05 18 0.75   0.1 1 0.1   0.505 0.455 0.405
0.75 18 0.05   0.1 1 0.1   0.505 0.455 0.405
0.05 18 0.05   0.1 1 0.1   0.505 0.455 0.405
-0.7 18.5 -0.7   0.1 1 0.1   0.51 0.46 0.41
-0.05 18.5 -0.7   0.1 1 0.1   0.51 0.46 0.41
-0.7 18.5 -0.05   0.1 1 0.1   0.51 0.46 0.41
-0.05 18.5 -0.05   0.1 1 0.1   0.51 0.46 0.41
0.7 18.5 -0.7   0.1 1 0.1   0.51 0.46 0.41
0.05 18.5 -0.7   0.1 1 0.1   0.51 0.46 0.41
0.7 18.5 -0.05   0.1 1 0.1   0.51 0.46 0.41
0.05 18.5 -0.05   0.1 1 0.1   0.51 0.46 0.41
-0.7 18.5 0.7   0.1 1 0.1   0.51 0.46 0.41
-0.05 18.5 0.7   0.1 1 0.1   0.51 0.46 0.41
-0.7 18.5 0.05   0.1 1 0.1   0.51 0.46 0.41
-0.05 18.5 0.05   0.1 1 0.1   0.51 0.46 0.41
0.7 18.5 0.7   0.1 1 0.1   0.51 0.46 0.41
0.05 18.5 0.7   0.1 1 0.1   0.51 0.46 0.41
0.7 18.5 0.05   0.1 1 0.1   0.51 0.46 0.41
0.05 18.5 0.05   0.1 1 0.1   0.51 0.46 0.41
-0.65 19 -0.65   0.1 1 0.1   0.515 0.465 0.415
-0.05 19 -0.65   0.1 1 0.1   0.515 0.465 0.415
-0.65 19 -0.05   0.1 1 0.1   0.515 0.465 0.415
-0.05 19 -0.05   0.1 1 0.1   0.515 0.465 0.415
0.65 19 -0.65   0.1 1 0.1   0.515 0.465 0.415
0.05 19 -0.65   0.1 1 0.1   0.515 0.465 0.415
0.65 19 -0.05   0.1 1 0.1   0.515 0.465 0.415
0.05 19 -0.05   0.1 1 0.1   0.515 0.465 0.415
-0.65 19 0.65   0.1 1 0.1   0.515 0.465 0.415
-0.05 19 0.65   0.1 1 0.1   0.515 0.465 0.415
-0.65 19 0.05   0.1 1 0.1   0.515 0.465 0.415
-0.05 19 0.05   0.1 1 0.1   0.515 0.465 0.415
0.65 19 0.65   0.1 1 0.1   0.515 0.465 0.415
0.05 19 0.65   0.1 1 0.1   0.515 0.465 0.415
0.65 19 0.05   0.1 1 0.1   0.515 0.465 0.415
0.05 19 0.05   0.1 1 0.1   0.515 0.465 0.415
-0.6 19.5 -0.6   0.1 1 0.1   0.52 0.47 0.42
-0.05 19.5 -0.6   0.1 1 0.1   0.52 0.47 0.42
-0.6 19.5 -0.05   0.1 1 0.1   0.52 0.47 0.42
-0.05 19.5 -0.05   0.1 1 0.1   0.52 0.47 0.42
0.6 19.5 -0.6   0.1 1 0.1   0.52 0.47 0.42
0.05 19.5 -0.6   0.1 1 0.1   0.52 0.47 0.42
0.6 19.5 -0.05   0.1 1 0.1   0.52 0.47 0.42
0.05 19.5 -0.05   0.1 1 0.1   0.52 0.47 0.42
-0.6 19.5 0.6   0.1 1 0.1   0.52 0.47 0.42
-0.05 19.5 0.6   0.1 1 0.1   0.52 0.47 0.42
-0.6 19.5 0.05   0.1 1 0.1   0.52 0.47 0.42
-0.05 19.5 0.05   0.1 1 0.2   0.52 0.47 0.42
0.6 19.5 0.6   0.1 1 0.1   0.52 0.47 0.42
0.05 19.5 0.6   0.1 1 0.1   0.52 0.47 0.42
0.6 19.5 0.05   0.1 1 0.1   0.52 0.47 0.42
0.05 19.5 0.05   0.1 1 0.1   0.52 0.47 0.42
0 20 0   1.3 0.5 1.3   0.53 0.48 0.43
0 20.5 0   1.7 1.0 1.7   0.54 0.49 0.44
0 21 0   1.3 0.5 1.3   0.55 0.50 0.45
0 21.5 0   0.2 0.5 0.2   0.56 0.51 0.46
0 22.25 0   0.2 1 0.2   0.58 0.53 0.48
0 23 0   0.2 1 0.2   0.59 0.54 0.49
0 23.75 0   0.2 1 0.2   0.60 0.55 0.50
