0 0.5 0   30 1 24   0.25 0.25 0.25
100 -0.5 -80   320 1 240   0.25 0.25 0.25
100 -1.5 -80   325 1 245   0.25 0.25 0.25
100 -2.5 -80   330 1 250   0.24 0.24 0.24
100 -3.5 -80   335 1 255   0.24 0.24 0.24
100 -4.5 -80   340 1 260   0.23 0.23 0.23
100 -5.5 -80   345 1 265   0.23 0.23 0.23
100 -6.5 -80   350 1 270   0.22 0.22 0.22
100 -7.5 -80   355 1 275   0.22 0.22 0.22
100 -8.5 -80   360 1 280   0.21 0.21 0.21
100 -9.5 -80   365 1 285   0.21 0.21 0.21
100 -10.5 -80   370 1 290   0.2 0.2 0.2
100 -11.5 -80   375 1 295   0.2 0.2 0.2
100 -12.5 -80   380 1 300   0.19 0.19 0.19
100 -13.5 -80   385 1 305   0.19 0.19 0.19
100 -14.5 -80   390 1 310   0.18 0.18 0.18
100 -15.5 -80   395 1 315   0.18 0.18 0.18
100 -16.5 -80   400 1 320   0.17 0.17 0.17
100 -17.5 -80   405 1 325   0.17 0.17 0.17
100 -18.5 -80   410 1 330   0.16 0.16 0.16
100 -19.5 -80   415 1 335   0.16 0.16 0.16
100 -20.5 -80   420 1 340   0.15 0.15 0.15
100 -21.5 -80   425 1 345   0.15 0.15 0.15
100 -22.5 -80   430 1 350   0.14 0.14 0.14
100 -23.5 -80   435 1 355   0.14 0.14 0.14
100 -24.5 -80   440 1 360   0.13 0.13 0.13
0 1.5 0   26 1 22   0.25 0.25 0.25
0 2.5 0   22 1 20   0.25 0.25 0.25
0 3.5 0   20 1 18   0.25 0.25 0.25
0 4.5 0   18 1 16   0.25 0.25 0.25
0 5.5 0   16 1 14   0.25 0.25 0.25
0 6.5 0   14 1 12   0.25 0.25 0.25
0 7.5 0   12 1 10   0.25 0.25 0.25
0 8.5 0   10 1 8   0.25 0.25 0.25
0 9.5 0   8 1 7   0.25 0.25 0.25
0 10.5 0   7 1 6   0.25 0.25 0.25
0 11.5 0   6 1 5   1.0 1.0 1.0
0 12.5 0   5 1 4   1.0 1.0 1.0
0 13.5 0   4 1 3.5   1.0 1.0 1.0
0 14.5 0   3.5 1 3   1.0 1.0 1.0
0 15.125 0   3 0.25 2.5   1.0 1.0 1.0
0 15.375 0   2.5 0.25 2   1.0 1.0 1.0
0 15.625 0   2 0.25 1.5   1.0 1.0 1.0
0 15.875 0   1.5 0.25 1.2   1.0 1.0 1.0
0 16.125 0   1 0.25 1   1.0 1.0 1.0
15 0.5 -20   50 1 40   0.25 0.25 0.25
15 1.5 -20   46 1 38   0.25 0.25 0.25
15 2.5 -20   42 1 36   0.25 0.25 0.25
15 3.5 -20   38 1 34   0.25 0.25 0.25
15 4.5 -20   35 1 32   0.25 0.25 0.25
15 5.5 -20   32 1 30   0.25 0.25 0.25
15 6.5 -20   29 1 28   0.25 0.25 0.25
15 7.5 -20   26 1 26   0.25 0.25 0.25
15 8.5 -20   24 1 24   0.25 0.25 0.25
15 9.5 -20   22 1 22   0.25 0.25 0.25
15 10.5 -20   20 1 20   0.25 0.25 0.25
15 11.5 -20   18 1 18   0.25 0.25 0.25
15 12.5 -20   16 1 16   0.25 0.25 0.25
15 13.5 -20   14 1 14   0.25 0.25 0.25
15 14.5 -20   12 1 12   0.25 0.25 0.25
15 15.5 -20   10 1 10   1.0 1.0 1.0
15 16.5 -20   9 1 9   1.0 1.0 1.0
15 17.5 -20   8 1 8   1.0 1.0 1.0
15 18.5 -20   7 1 7   1.0 1.0 1.0
15 19.5 -20   6 1 6   1.0 1.0 1.0
15 20.125 -20   5 0.25 5   1.0 1.0 1.0
15 20.375 -20   4.5 0.25 4.5   1.0 1.0 1.0
15 20.625 -20   4 0.25 4   1.0 1.0 1.0
15 20.875 -20   3.5 0.25 3.5   1.0 1.0 1.0
15 21.125 -20   3 0.25 3   1.0 1.0 1.0
15 21.375 -20   2.5 0.25 2.5   1.0 1.0 1.0
15 21.625 -20   2 0.25 2   1.0 1.0 1.0
15 21.875 -20   1.5 0.25 1.5   1.0 1.0 1.0
15 22.125 -20   1 0.25 1   1.0 1.0 1.0
30 0.5 0   30 1 24   0.25 0.25 0.25
30 1.5 0   26 1 22   0.25 0.25 0.25
30 2.5 0   22 1 20   0.25 0.25 0.25
30 3.5 0   20 1 18   0.25 0.25 0.25
30 4.5 0   18 1 16   0.25 0.25 0.25
30 5.5 0   16 1 14   0.25 0.25 0.25
30 6.5 0   14 1 12   0.25 0.25 0.25
30 7.5 0   12 1 10   0.25 0.25 0.25
30 8.5 0   10 1 8   0.25 0.25 0.25
30 9.5 0   8 1 7   0.25 0.25 0.25
30 10.5 0   7 1 6   0.25 0.25 0.25
30 11.5 0   6 1 5   1.0 1.0 1.0
30 12.5 0   5 1 4   1.0 1.0 1.0
30 13.5 0   4 1 3.5   1.0 1.0 1.0
30 14.5 0   3.5 1 3   1.0 1.0 1.0
30 15.125 0   3 0.25 2.5   1.0 1.0 1.0
30 15.375 0   2.5 0.25 2   1.0 1.0 1.0
30 15.625 0   2 0.25 1.5   1.0 1.0 1.0
30 15.875 0   1.5 0.25 1.2   1.0 1.0 1.0
30 16.125 0   1 0.25 1   1.0 1.0 1.0
50 0.75 0   45 1.5 36   0.25 0.25 0.25
50 2.25 0   39 1.5 33   0.25 0.25 0.25
50 3.75 0   33 1.5 30   0.25 0.25 0.25
50 5.25 0   30 1.5 27   0.25 0.25 0.25
50 6.75 0   27 1.5 24   0.25 0.25 0.25
50 8.25 0   24 1.5 21   0.25 0.25 0.25
50 9.75 0   21 1.5 18   0.25 0.25 0.25
50 11.25 0   18 1.5 15   0.25 0.25 0.25
50 12.75 0   15 1.5 12   0.25 0.25 0.25
50 14.25 0   12 1.5 10.5   0.25 0.25 0.25
50 15.75 0   10.5 1.5 9   0.25 0.25 0.25
50 17.25 0   9 1.5 7.5   1.0 1.0 1.0
50 18.75 0   7.5 1.5 6   1.0 1.0 1.0
50 20.25 0   6 1.5 5.25   1.0 1.0 1.0
50 21.75 0   5.25 1.5 4.5   1.0 1.0 1.0
50 22.6875 0   4.5 0.375 3.75   1.0 1.0 1.0
50 23.0625 0   3.75 0.375 3   1.0 1.0 1.0
50 23.4375 0   3 0.375 2.25   1.0 1.0 1.0
50 23.8125 0   2.25 0.375 1.8   1.0 1.0 1.0
50 24.1875 0   1.5 0.375 1.5   1.0 1.0 1.0
72.5 0.75 -30   75 1.5 60   0.25 0.25 0.25
72.5 2.25 -30   69 1.5 57   0.25 0.25 0.25
72.5 3.75 -30   63 1.5 54   0.25 0.25 0.25
72.5 5.25 -30   57 1.5 51   0.25 0.25 0.25
72.5 6.75 -30   52.5 1.5 48   0.25 0.25 0.25
72.5 8.25 -30   48 1.5 45   0.25 0.25 0.25
72.5 9.75 -30   43.5 1.5 42   0.25 0.25 0.25
72.5 11.25 -30   39 1.5 39   0.25 0.25 0.25
72.5 12.75 -30   36 1.5 36   0.25 0.25 0.25
72.5 14.25 -30   33 1.5 33   0.25 0.25 0.25
72.5 15.75 -30   30 1.5 30   0.25 0.25 0.25
72.5 17.25 -30   27 1.5 27   0.25 0.25 0.25
72.5 18.75 -30   24 1.5 24   0.25 0.25 0.25
72.5 20.25 -30   21 1.5 21   0.25 0.25 0.25
72.5 21.75 -30   18 1.5 18   0.25 0.25 0.25
72.5 23.25 -30   15 1.5 15   1.0 1.0 1.0
72.5 24.75 -30   13.5 1.5 13.5   1.0 1.0 1.0
72.5 26.25 -30   12 1.5 12   1.0 1.0 1.0
72.5 27.75 -30   10.5 1.5 10.5   1.0 1.0 1.0
72.5 29.25 -30   9 1.5 9   1.0 1.0 1.0
72.5 30.1875 -30   7.5 0.375 7.5   1.0 1.0 1.0
72.5 30.5625 -30   6.75 0.375 6.75   1.0 1.0 1.0
72.5 30.9375 -30   6 0.375 6   1.0 1.0 1.0
72.5 31.3125 -30   5.25 0.375 5.25   1.0 1.0 1.0
72.5 31.6875 -30   4.5 0.375 4.5   1.0 1.0 1.0
72.5 32.0625 -30   3.75 0.375 3.75   1.0 1.0 1.0
72.5 32.4375 -30   3 0.375 3   1.0 1.0 1.0
72.5 32.8125 -30   2.25 0.375 2.25   1.0 1.0 1.0
72.5 33.1875 -30   1.5 0.375 1.5   1.0 1.0 1.0
95 0.75 0   45 1.5 36   0.25 0.25 0.25
95 2.25 0   39 1.5 33   0.25 0.25 0.25
95 3.75 0   33 1.5 30   0.25 0.25 0.25
95 5.25 0   30 1.5 27   0.25 0.25 0.25
95 6.75 0   27 1.5 24   0.25 0.25 0.25
95 8.25 0   24 1.5 21   0.25 0.25 0.25
95 9.75 0   21 1.5 18   0.25 0.25 0.25
95 11.25 0   18 1.5 15   0.25 0.25 0.25
95 12.75 0   15 1.5 12   0.25 0.25 0.25
95 14.25 0   12 1.5 10.5   0.25 0.25 0.25
95 15.75 0   10.5 1.5 9   0.25 0.25 0.25
95 17.25 0   9 1.5 7.5   1.0 1.0 1.0
95 18.75 0   7.5 1.5 6   1.0 1.0 1.0
95 20.25 0   6 1.5 5.25   1.0 1.0 1.0
95 21.75 0   5.25 1.5 4.5   1.0 1.0 1.0
95 22.6875 0   4.5 0.375 3.75   1.0 1.0 1.0
95 23.0625 0   3.75 0.375 3   1.0 1.0 1.0
95 23.4375 0   3 0.375 2.25   1.0 1.0 1.0
95 23.8125 0   2.25 0.375 1.8   1.0 1.0 1.0
95 24.1875 0   1.5 0.375 1.5   1.0 1.0 1.0
0 1 -80   60 2 48   0.25 0.25 0.25
0 3 -80   52 2 44   0.25 0.25 0.25
0 5 -80   44 2 40   0.25 0.25 0.25
0 7 -80   40 2 36   0.25 0.25 0.25
0 9 -80   36 2 32   0.25 0.25 0.25
0 11 -80   32 2 28   0.25 0.25 0.25
0 13 -80   28 2 24   0.25 0.25 0.25
0 15 -80   24 2 20   0.25 0.25 0.25
0 17 -80   20 2 16   0.25 0.25 0.25
0 19 -80   16 2 14   0.25 0.25 0.25
0 21 -80   14 2 12   0.25 0.25 0.25
0 23 -80   12 2 10   1.0 1.0 1.0
0 25 -80   10 2 8   1.0 1.0 1.0
0 27 -80   8 2 7   1.0 1.0 1.0
0 29 -80   7 2 6   1.0 1.0 1.0
0 30.25 -80   6 0.5 5   1.0 1.0 1.0
0 30.75 -80   5 0.5 4   1.0 1.0 1.0
0 31.25 -80   4 0.5 3   1.0 1.0 1.0
0 31.75 -80   3 0.5 2.4   1.0 1.0 1.0
0 32.25 -80   2 0.5 2   1.0 1.0 1.0
30 1 -120   100 2 80   0.25 0.25 0.25
30 3 -120   92 2 76   0.25 0.25 0.25
30 5 -120   84 2 72   0.25 0.25 0.25
30 7 -120   76 2 68   0.25 0.25 0.25
30 9 -120   70 2 64   0.25 0.25 0.25
30 11 -120   64 2 60   0.25 0.25 0.25
30 13 -120   58 2 56   0.25 0.25 0.25
30 15 -120   52 2 52   0.25 0.25 0.25
30 17 -120   48 2 48   0.25 0.25 0.25
30 19 -120   44 2 44   0.25 0.25 0.25
30 21 -120   40 2 40   0.25 0.25 0.25
30 23 -120   36 2 36   0.25 0.25 0.25
30 25 -120   32 2 32   0.25 0.25 0.25
30 27 -120   28 2 28   0.25 0.25 0.25
30 29 -120   24 2 24   0.25 0.25 0.25
30 31 -120   20 2 20   1.0 1.0 1.0
30 33 -120   18 2 18   1.0 1.0 1.0
30 35 -120   16 2 16   1.0 1.0 1.0
30 37 -120   14 2 14   1.0 1.0 1.0
30 39 -120   12 2 12   1.0 1.0 1.0
30 40.25 -120   10 0.5 10   1.0 1.0 1.0
30 40.75 -120   9 0.5 9   1.0 1.0 1.0
30 41.25 -120   8 0.5 8   1.0 1.0 1.0
30 41.75 -120   7 0.5 7   1.0 1.0 1.0
30 42.25 -120   6 0.5 6   1.0 1.0 1.0
30 42.75 -120   5 0.5 5   1.0 1.0 1.0
30 43.25 -120   4 0.5 4   1.0 1.0 1.0
30 43.75 -120   3 0.5 3   1.0 1.0 1.0
30 44.25 -120   2 0.5 2   1.0 1.0 1.0
60 1 -80   60 2 48   0.25 0.25 0.25
60 3 -80   52 2 44   0.25 0.25 0.25
60 5 -80   44 2 40   0.25 0.25 0.25
60 7 -80   40 2 36   0.25 0.25 0.25
60 9 -80   36 2 32   0.25 0.25 0.25
60 11 -80   32 2 28   0.25 0.25 0.25
60 13 -80   28 2 24   0.25 0.25 0.25
60 15 -80   24 2 20   0.25 0.25 0.25
60 17 -80   20 2 16   0.25 0.25 0.25
60 19 -80   16 2 14   0.25 0.25 0.25
60 21 -80   14 2 12   0.25 0.25 0.25
60 23 -80   12 2 10   1.0 1.0 1.0
60 25 -80   10 2 8   1.0 1.0 1.0
60 27 -80   8 2 7   1.0 1.0 1.0
60 29 -80   7 2 6   1.0 1.0 1.0
60 30.25 -80   6 0.5 5   1.0 1.0 1.0
60 30.75 -80   5 0.5 4   1.0 1.0 1.0
60 31.25 -80   4 0.5 3   1.0 1.0 1.0
60 31.75 -80   3 0.5 2.4   1.0 1.0 1.0
60 32.25 -80   2 0.5 2   1.0 1.0 1.0
100 1.5 -80   90 3 72   0.25 0.25 0.25
100 4.5 -80   78 3 66   0.25 0.25 0.25
100 7.5 -80   66 3 60   0.25 0.25 0.25
100 10.5 -80   60 3 54   0.25 0.25 0.25
100 13.5 -80   54 3 48   0.25 0.25 0.25
100 16.5 -80   48 3 42   0.25 0.25 0.25
100 19.5 -80   42 3 36   0.25 0.25 0.25
100 22.5 -80   36 3 30   0.25 0.25 0.25
100 25.5 -80   30 3 24   0.25 0.25 0.25
100 28.5 -80   24 3 21   0.25 0.25 0.25
100 31.5 -80   21 3 18   0.25 0.25 0.25
100 34.5 -80   18 3 15   1.0 1.0 1.0
100 37.5 -80   15 3 12   1.0 1.0 1.0
100 40.5 -80   12 3 10.5   1.0 1.0 1.0
100 43.5 -80   10.5 3 9   1.0 1.0 1.0
100 45.375 -80   9 0.75 7.5   1.0 1.0 1.0
100 46.125 -80   7.5 0.75 6   1.0 1.0 1.0
100 46.875 -80   6 0.75 4.5   1.0 1.0 1.0
100 47.625 -80   4.5 0.75 3.6   1.0 1.0 1.0
100 48.375 -80   3 0.75 3   1.0 1.0 1.0
145 1.5 -140   150 3 120   0.25 0.25 0.25
145 4.5 -140   138 3 114   0.25 0.25 0.25
145 7.5 -140   126 3 108   0.25 0.25 0.25
145 10.5 -140   114 3 102   0.25 0.25 0.25
145 13.5 -140   105 3 96   0.25 0.25 0.25
145 16.5 -140   96 3 90   0.25 0.25 0.25
145 19.5 -140   87 3 84   0.25 0.25 0.25
145 22.5 -140   78 3 78   0.25 0.25 0.25
145 25.5 -140   72 3 72   0.25 0.25 0.25
145 28.5 -140   66 3 66   0.25 0.25 0.25
145 31.5 -140   60 3 60   0.25 0.25 0.25
145 34.5 -140   54 3 54   0.25 0.25 0.25
145 37.5 -140   48 3 48   0.25 0.25 0.25
145 40.5 -140   42 3 42   0.25 0.25 0.25
145 43.5 -140   36 3 36   0.25 0.25 0.25
145 46.5 -140   30 3 30   1.0 1.0 1.0
145 49.5 -140   27 3 27   1.0 1.0 1.0
145 52.5 -140   24 3 24   1.0 1.0 1.0
145 55.5 -140   21 3 21   1.0 1.0 1.0
145 58.5 -140   18 3 18   1.0 1.0 1.0
145 60.375 -140   15 0.75 15   1.0 1.0 1.0
145 61.125 -140   13.5 0.75 13.5   1.0 1.0 1.0
145 61.875 -140   12 0.75 12   1.0 1.0 1.0
145 62.625 -140   10.5 0.75 10.5   1.0 1.0 1.0
145 63.375 -140   9 0.75 9   1.0 1.0 1.0
145 64.125 -140   7.5 0.75 7.5   1.0 1.0 1.0
145 64.875 -140   6 0.75 6   1.0 1.0 1.0
145 65.625 -140   4.5 0.75 4.5   1.0 1.0 1.0
145 66.375 -140   3 0.75 3   1.0 1.0 1.0
190 1.5 -80   90 3 72   0.25 0.25 0.25
190 4.5 -80   78 3 66   0.25 0.25 0.25
190 7.5 -80   66 3 60   0.25 0.25 0.25
190 10.5 -80   60 3 54   0.25 0.25 0.25
190 13.5 -80   54 3 48   0.25 0.25 0.25
190 16.5 -80   48 3 42   0.25 0.25 0.25
190 19.5 -80   42 3 36   0.25 0.25 0.25
190 22.5 -80   36 3 30   0.25 0.25 0.25
190 25.5 -80   30 3 24   0.25 0.25 0.25
190 28.5 -80   24 3 21   0.25 0.25 0.25
190 31.5 -80   21 3 18   0.25 0.25 0.25
190 34.5 -80   18 3 15   1.0 1.0 1.0
190 37.5 -80   15 3 12   1.0 1.0 1.0
190 40.5 -80   12 3 10.5   1.0 1.0 1.0
190 43.5 -80   10.5 3 9   1.0 1.0 1.0
190 45.375 -80   9 0.75 7.5   1.0 1.0 1.0
190 46.125 -80   7.5 0.75 6   1.0 1.0 1.0
190 46.875 -80   6 0.75 4.5   1.0 1.0 1.0
190 47.625 -80   4.5 0.75 3.6   1.0 1.0 1.0
190 48.375 -80   3 0.75 3   1.0 1.0 1.0
-20 0.5 -10   30 1 24   0.25 0.25 0.25
-20 1.5 -10   26 1 22   0.25 0.25 0.25
-20 2.5 -10   22 1 20   0.25 0.25 0.25
-20 3.5 -10   20 1 18   0.25 0.25 0.25
-20 4.5 -10   18 1 16   0.25 0.25 0.25
-20 5.5 -10   16 1 14   0.25 0.25 0.25
-20 6.5 -10   14 1 12   0.25 0.25 0.25
-20 7.5 -10   12 1 10   0.25 0.25 0.25
-20 8.5 -10   10 1 8   1.0 1.0 1.0
-20 9.5 -10   8 1 7   1.0 1.0 1.0
-20 10.125 -10   6 0.25 5   1.0 1.0 1.0
-20 10.375 -10   4 0.25 3   1.0 1.0 1.0
-20 10.625 -10   2 0.25 2   1.0 1.0 1.0
115 0.5 -20   30 1 24   0.25 0.25 0.25
115 1.5 -20   26 1 22   0.25 0.25 0.25
115 2.5 -20   22 1 20   0.25 0.25 0.25
115 3.5 -20   20 1 18   0.25 0.25 0.25
115 4.5 -20   18 1 16   0.25 0.25 0.25
115 5.5 -20   16 1 14   0.25 0.25 0.25
115 6.5 -20   14 1 12   0.25 0.25 0.25
115 7.5 -20   12 1 10   0.25 0.25 0.25
115 8.5 -20   10 1 8   1.0 1.0 1.0
115 9.5 -20   8 1 7   1.0 1.0 1.0
115 10.125 -20   6 0.25 5   1.0 1.0 1.0
115 10.375 -20   4 0.25 3   1.0 1.0 1.0
115 10.625 -20   2 0.25 2   1.0 1.0 1.0
-30 0.75 -50   45 1.5 36   0.25 0.25 0.25
-30 2.25 -50   39 1.5 33   0.25 0.25 0.25
-30 3.75 -50   33 1.5 30   0.25 0.25 0.25
-30 5.25 -50   30 1.5 27   0.25 0.25 0.25
-30 6.75 -50   27 1.5 24   0.25 0.25 0.25
-30 8.25 -50   24 1.5 21   0.25 0.25 0.25
-30 9.75 -50   21 1.5 18   0.25 0.25 0.25
-30 11.25 -50   18 1.5 15   1.0 1.0 1.0
-30 12.75 -50   15 1.5 12   1.0 1.0 1.0
-30 13.6875 -50   12 0.375 10   1.0 1.0 1.0
-30 14.0625 -50   9 0.375 7   1.0 1.0 1.0
-30 14.4375 -50   6 0.375 5   1.0 1.0 1.0
-30 14.8125 -50   3 0.375 3   1.0 1.0 1.0
175 0.75 -50   45 1.5 36   0.25 0.25 0.25
175 2.25 -50   39 1.5 33   0.25 0.25 0.25
175 3.75 -50   33 1.5 30   0.25 0.25 0.25
175 5.25 -50   30 1.5 27   0.25 0.25 0.25
175 6.75 -50   27 1.5 24   0.25 0.25 0.25
175 8.25 -50   24 1.5 21   0.25 0.25 0.25
175 9.75 -50   21 1.5 18   0.25 0.25 0.25
175 11.25 -50   18 1.5 15   1.0 1.0 1.0
175 12.75 -50   15 1.5 12   1.0 1.0 1.0
175 13.6875 -50   12 0.375 10   1.0 1.0 1.0
175 14.0625 -50   9 0.375 7   1.0 1.0 1.0
175 14.4375 -50   6 0.375 5   1.0 1.0 1.0
175 14.8125 -50   3 0.375 3   1.0 1.0 1.0
-15 1 -110   60 2 48   0.25 0.25 0.25
-15 3 -110   52 2 44   0.25 0.25 0.25
-15 5 -110   44 2 40   0.25 0.25 0.25
-15 7 -110   40 2 36   0.25 0.25 0.25
-15 9 -110   36 2 32   0.25 0.25 0.25
-15 11 -110   32 2 28   0.25 0.25 0.25
-15 13 -110   28 2 24   0.25 0.25 0.25
-15 15 -110   24 2 20   0.25 0.25 0.25
-15 17 -110   20 2 16   1.0 1.0 1.0
-15 19 -110   16 2 14   1.0 1.0 1.0
-15 20.25 -110   12 0.5 10   1.0 1.0 1.0
-15 20.75 -110   8 0.5 7   1.0 1.0 1.0
-15 21.25 -110   4 0.5 4   1.0 1.0 1.0
200 1 -110   60 2 48   0.25 0.25 0.25
200 3 -110   52 2 44   0.25 0.25 0.25
200 5 -110   44 2 40   0.25 0.25 0.25
200 7 -110   40 2 36   0.25 0.25 0.25
200 9 -110   36 2 32   0.25 0.25 0.25
200 11 -110   32 2 28   0.25 0.25 0.25
200 13 -110   28 2 24   0.25 0.25 0.25
200 15 -110   24 2 20   0.25 0.25 0.25
200 17 -110   20 2 16   1.0 1.0 1.0
200 19 -110   16 2 14   1.0 1.0 1.0
200 20.25 -110   12 0.5 10   1.0 1.0 1.0
200 20.75 -110   8 0.5 7   1.0 1.0 1.0
200 21.25 -110   4 0.5 4   1.0 1.0 1.0
-40 0.75 -100   45 1.5 36   0.25 0.25 0.25
-40 2.25 -100   39 1.5 33   0.25 0.25 0.25
-40 3.75 -100   33 1.5 30   0.25 0.25 0.25
-40 5.25 -100   30 1.5 27   0.25 0.25 0.25
-40 6.75 -100   27 1.5 24   0.25 0.25 0.25
-40 8.25 -100   24 1.5 21   0.25 0.25 0.25
-40 9.75 -100   21 1.5 18   0.25 0.25 0.25
-40 11.25 -100   18 1.5 15   1.0 1.0 1.0
-40 12.75 -100   15 1.5 12   1.0 1.0 1.0
-40 13.6875 -100   12 0.375 10   1.0 1.0 1.0
-40 14.0625 -100   9 0.375 7   1.0 1.0 1.0
-40 14.4375 -100   6 0.375 5   1.0 1.0 1.0
-40 14.8125 -100   3 0.375 3   1.0 1.0 1.0
-25 1 -150   60 2 48   0.25 0.25 0.25
-25 3 -150   52 2 44   0.25 0.25 0.25
-25 5 -150   44 2 40   0.25 0.25 0.25
-25 7 -150   40 2 36   0.25 0.25 0.25
-25 9 -150   36 2 32   0.25 0.25 0.25
-25 11 -150   32 2 28   0.25 0.25 0.25
-25 13 -150   28 2 24   0.25 0.25 0.25
-25 15 -150   24 2 20   1.0 1.0 1.0
-25 17 -150   20 2 16   1.0 1.0 1.0
-25 19 -150   16 2 14   1.0 1.0 1.0
-25 20.25 -150   12 0.5 10   1.0 1.0 1.0
-25 20.75 -150   8 0.5 7   1.0 1.0 1.0
-25 21.25 -150   4 0.5 4   1.0 1.0 1.0
210 0.75 -50   45 1.5 36   0.25 0.25 0.25
210 2.25 -50   39 1.5 33   0.25 0.25 0.25
210 3.75 -50   33 1.5 30   0.25 0.25 0.25
210 5.25 -50   30 1.5 27   0.25 0.25 0.25
210 6.75 -50   27 1.5 24   0.25 0.25 0.25
210 8.25 -50   24 1.5 21   0.25 0.25 0.25
210 9.75 -50   21 1.5 18   0.25 0.25 0.25
210 11.25 -50   18 1.5 15   1.0 1.0 1.0
210 12.75 -50   15 1.5 12   1.0 1.0 1.0
210 13.6875 -50   12 0.375 10   1.0 1.0 1.0
210 14.0625 -50   9 0.375 7   1.0 1.0 1.0
210 14.4375 -50   6 0.375 5   1.0 1.0 1.0
210 14.8125 -50   3 0.375 3   1.0 1.0 1.0
225 1 -110   60 2 48   0.25 0.25 0.25
225 3 -110   52 2 44   0.25 0.25 0.25
225 5 -110   44 2 40   0.25 0.25 0.25
225 7 -110   40 2 36   0.25 0.25 0.25
225 9 -110   36 2 32   0.25 0.25 0.25
225 11 -110   32 2 28   0.25 0.25 0.25
225 13 -110   28 2 24   0.25 0.25 0.25
225 15 -110   24 2 20   1.0 1.0 1.0
225 17 -110   20 2 16   1.0 1.0 1.0
225 19 -110   16 2 14   1.0 1.0 1.0
225 20.25 -110   12 0.5 10   1.0 1.0 1.0
225 20.75 -110   8 0.5 7   1.0 1.0 1.0
225 21.25 -110   4 0.5 4   1.0 1.0 1.0
235 0.5 -20   30 1 24   0.25 0.25 0.25
235 1.5 -20   26 1 22   0.25 0.25 0.25
235 2.5 -20   22 1 20   0.25 0.25 0.25
235 3.5 -20   20 1 18   0.25 0.25 0.25
235 4.5 -20   18 1 16   0.25 0.25 0.25
235 5.5 -20   16 1 14   0.25 0.25 0.25
235 6.5 -20   14 1 12   1.0 1.0 1.0
235 7.5 -20   12 1 10   1.0 1.0 1.0
235 8.5 -20   10 1 8   1.0 1.0 1.0
235 9.125 -20   7 0.25 6   1.0 1.0 1.0
235 9.375 -20   5 0.25 4   1.0 1.0 1.0
235 9.625 -20   3 0.25 2   1.0 1.0 1.0
