Body:
0 0 0      6 3 6      1 .647 0
0 2 0      5 1 5      1 .647 0
0 -2 0     5 1 5      1 .647 0
0 2.5 0    1 1 1      0.0234375 0.2890625 0

Eyes:
-1.5 .9 2.6      1 1 1      1 1 1
1.5 .9 2.6      1 1 1      1 1 1

Iris:
-1.4 .9 2.8  .7 .7 .7     0.23828125 0.265625 0.34765625
1.6 .9 2.8  .7 .7 .7     0.23828125 0.265625 0.34765625

Pupils:
-1.4 .9 3.1  .3 .3 .3    0 0 0
1.6 .9 3.1  .3 .3 .3     0 0 0

Lips:
0 -.65 1.1    4 .3 4      1 0 0
0 -.9 1.1    3.5 .5 4      1 0 0

Teeth:
0 -.65 1.2    3.2 .3 4      1 1 0