0 0 0   4 1 6   0.2 0.8 0.2
0 0.8 0   3.5 0.8 5.5   0.1 0.5 0.1
0 1.15 0   1.1 0.25 1.1  0.95 0.75 0.15
0 1.15 -2.0   0.7 0.2 0.7  0.95 0.75 0.15 
0 1.15  2.0   0.7 0.2 0.7  0.95 0.75 0.15 
-1.4 1.15 0   0.6 0.2 0.6  0.95 0.75 0.15 
1.4 1.15 0    0.6 0.2 0.6  0.95 0.75 0.15 
-1.1 1.15 -1.2  0.5 0.18 0.5  0.95 0.75 0.15 
1.1  1.15 -1.2  0.5 0.18 0.5  0.95 0.75 0.15 
-1.0 1.15  1.3  0.5 0.18 0.5  0.95 0.75 0.15 
1.0  1.15  1.3  0.5 0.18 0.5  0.95 0.75 0.15 
0 -0.47 2.9   1.2 0.8 2.4   0.3 0.6 0.3 
-1.8 -0.6 1.5   0.6 0.6 1.2   0.15 0.4 0.15
1.8 -0.6 1.5   0.6 0.6 1.2   0.15 0.4 0.15
-1.8 -0.6 -1.5   0.6 0.6 1.2   0.15 0.4 0.15
1.8 -0.6 -1.5   0.6 0.6 1.2   0.15 0.4 0.15
0 -0.4 -3   0.8 0.4 1.6   0.25 0.5 0.25
.6 -0.5 3.6   0.25 0.25 0.25   0.1 0.1 0.1
-0.6 -0.5 3.6   0.25 0.25 0.25   0.1 0.1 0.1