0.0 0.0 0.0 3.5 8.0 3.5 0.5 0.05 0.6
0.0 0.0 1.6 1.0 8.0 0.5 0.0 0.5 0.0
0.0 -5.0 0.0 3.0 2.0 3.0 0.4 0.25 0.04
0.0 -5.5 1.75 3.0 1.0 0.5 0.6 0.6 0.6
0.0 5.5 0.0 3.0 3.0 3.0 0.7 0.7 0.7
0.0 7.0 0.0 4.5 1.0 4.5 0.0 0.0 0.0
0.0 8.0 0.0 3.0 2.0 3.0 0.0 0.0 0.0
0.0 9.0 0.0 2.0 2.0 2.0 0.0 0.0 0.0
0.0 10.0 0.0 1.0 1.0 1.0 0.0 0.0 0.0
0.0 8.0 1.5 0.75 0.75 0.5 0.0 1.0 0.0
0.0 4.0 1.8 1.0 2.0 0.75 0.6 0.5 0.2
1.0 5.25 1.6 1.0 0.5 0.25 1.0 1.0 1.0
-1.0 5.25 1.6 1.0 0.5 0.25 1.0 1.0 1.0
0.0 5.75 1.6 2.5 0.5 0.25 0.2 0.2 0.2
0.7 5.25 1.75 0.5 0.5 0.25 0.0 0.0 0.0
0.2 3.6 2.2 0.25 0.25 0.2 0.9 0.6 0.2
-0.7 5.25 1.75 0.5 0.5 0.25 0.0 0.0 0.0
2.5 2.5 0.5 1.5 2.0 2.5 0.4 0.0 0.4
-2.5 2.5 0.5 1.5 2.0 2.5 0.4 0.0 0.4
0.0 2.0 2.0 6.0 1.5 1.0 0.5 0.0 0.5
0.0 2.0 2.5 0.3 1.5 0.25 0.8 0.8 0.8